0 0.55655317 0.05091292 0.00722948 0.00983146
0 0.68423507 0.25825140 0.00419776 0.00667135
0 0.69368004 0.27721208 0.00349813 0.00526685
0 0.65916511 0.29055478 0.00256530 0.00386236
0 0.58243937 0.36411517 0.00349813 0.00561798
0 0.59514925 0.37254213 0.00233209 0.00421348
0 0.73402519 0.41801264 0.00536381 0.00737360
0 0.79127799 0.42801966 0.00326493 0.00491573
0 0.74242071 0.43574438 0.00349813 0.00561798
0 0.74032183 0.52861657 0.00303172 0.00456461
0 0.37663246 0.77615871 0.00886194 0.01369382
0 0.39983675 0.78862360 0.01142724 0.01755618
0 0.74533582 0.82496489 0.00419776 0.00667135
1 0.24510261 0.16134129 0.02238806 0.06285112
1 0.69752799 0.41485253 0.00932836 0.01439607
1 0.77040578 0.45716292 0.01049440 0.00912921
1 0.10109608 0.63623596 0.02262127 0.01615169
1 0.11112407 0.69224017 0.03148321 0.05933989
1 0.74918377 0.76948736 0.01375933 0.02563202
1 0.63817631 0.83409410 0.03288246 0.03686798
1 0.35261194 0.82672051 0.01865672 0.02071629
1 0.23927239 0.86148174 0.03591418 0.08813202
1 0.53334888 0.83813202 0.01399254 0.02106742
1 0.62255131 0.86622191 0.01935634 0.01615169
1 0.28836287 0.90800562 0.04500933 0.09269663
2 0.66417910 0.25087781 0.00419776 0.00667135
2 0.65764925 0.26860955 0.00373134 0.00561798
2 0.67863806 0.27054073 0.00233209 0.00386236
2 0.65881530 0.27405197 0.00233209 0.00316011
2 0.65006996 0.27914326 0.00396455 0.00491573
2 0.67280784 0.27896770 0.00233209 0.00386236
2 0.66721082 0.28212781 0.00606343 0.00877809
2 0.67304104 0.28634129 0.00139925 0.00175562
2 0.59106810 0.29898174 0.00349813 0.00456461
2 0.68423507 0.30635534 0.01119403 0.01228933
2 0.72318097 0.32320927 0.01212687 0.02212079
2 0.68668377 0.32338483 0.01049440 0.01685393
2 0.70930504 0.32198034 0.01329291 0.01474719
2 0.74043843 0.31846910 0.00139925 0.00351124
2 0.73332556 0.32320927 0.00303172 0.00737360
2 0.68050373 0.33163624 0.01119403 0.01228933
2 0.73763993 0.33233848 0.01026119 0.00877809
2 0.66942631 0.33251404 0.00396455 0.00351124
2 0.68959888 0.33830758 0.00279851 0.00526685
2 0.70650653 0.34322331 0.01702425 0.01439607
2 0.72901119 0.33865871 0.00419776 0.00386236
2 0.67397388 0.33936096 0.00186567 0.00105337
2 0.68166978 0.34638343 0.00652985 0.00737360
2 0.72283116 0.34445225 0.00209888 0.00210674
2 0.73752332 0.34620787 0.00536381 0.00561798
2 0.74113806 0.36973315 0.02658582 0.04634831
2 0.71909981 0.35077247 0.00209888 0.00421348
2 0.72539646 0.35305478 0.00209888 0.00386236
2 0.65601679 0.36042837 0.00699627 0.01650281
2 0.63269590 0.35533708 0.00279851 0.00491573
2 0.71583489 0.36288624 0.00816231 0.01509831
2 0.72224813 0.35919944 0.00233209 0.00351124
2 0.70475746 0.36762640 0.01259328 0.01685393
2 0.70510728 0.36200843 0.00163246 0.00280899
2 0.62465019 0.38132022 0.01655784 0.03370787
2 0.69181437 0.37096208 0.00722948 0.00948034
2 0.75571362 0.37710674 0.01329291 0.01966292
2 0.71676772 0.37851124 0.01422575 0.01615169
2 0.68481810 0.38149579 0.01329291 0.01509831
2 0.76107743 0.39009831 0.00629664 0.01123596
2 0.76947295 0.39132725 0.00583022 0.01439607
2 0.69927705 0.38957163 0.00349813 0.00807584
2 0.67630597 0.39343399 0.00979478 0.01228933
2 0.69402985 0.39413624 0.00233209 0.00877809
2 0.68750000 0.40186096 0.00233209 0.00316011
2 0.74871735 0.40519663 0.00209888 0.00421348
2 0.67374067 0.40660112 0.01072761 0.00491573
2 0.76888993 0.41221910 0.00419776 0.00842697
2 0.76247668 0.41169242 0.00396455 0.00456461
2 0.65636660 0.42169944 0.01655784 0.01825843
2 0.75606343 0.41731039 0.00326493 0.00316011
2 0.75279851 0.42117275 0.00559701 0.00596910
2 0.74778451 0.42327949 0.00443097 0.00667135
2 0.67140858 0.42327949 0.00186567 0.00456461
2 0.75186567 0.42819522 0.00466418 0.00596910
2 0.76270989 0.43240871 0.00816231 0.01158708
2 0.50034981 0.44013343 0.00862873 0.01299157
2 0.65998134 0.43908006 0.00419776 0.00948034
2 0.75501399 0.44399579 0.00583022 0.01228933
2 0.76504198 0.43960674 0.00349813 0.00351124
2 0.64004198 0.44399579 0.00816231 0.01158708
2 0.76177705 0.44136236 0.00209888 0.00351124
2 0.74918377 0.44575140 0.00256530 0.00386236
2 0.64937034 0.45610955 0.01236007 0.02247191
2 0.75956157 0.45365169 0.01026119 0.01544944
2 0.62290112 0.45470506 0.00233209 0.00561798
2 0.75699627 0.48139045 0.04197761 0.03932584
2 0.74848414 0.46962781 0.01749067 0.01509831
2 0.67047575 0.46699438 0.00233209 0.00561798
2 0.70090951 0.46980337 0.00489739 0.00912921
2 0.78416511 0.46822331 0.00349813 0.00456461
2 0.69111474 0.47085674 0.00256530 0.00561798
2 0.73763993 0.47085674 0.00279851 0.00491573
2 0.67490672 0.47717697 0.00186567 0.00491573
2 0.64925373 0.48156601 0.00186567 0.00245787
2 0.65986474 0.48402388 0.00209888 0.00316011
2 0.72667910 0.48700843 0.00326493 0.00351124
2 0.67723881 0.48735955 0.00186567 0.00280899
2 0.66837687 0.48964185 0.00233209 0.00386236
2 0.77040578 0.49245084 0.00303172 0.00386236
2 0.67012593 0.49561096 0.00816231 0.00877809
2 0.67782183 0.50895365 0.02635261 0.02773876
2 0.74615205 0.50737360 0.02728545 0.02317416
2 0.70044310 0.50403792 0.01702425 0.01509831
2 0.72772854 0.51000702 0.00862873 0.02212079
2 0.70708955 0.51527388 0.03358209 0.02633427
2 0.68178638 0.53476124 0.02402052 0.02176966
2 0.71863340 0.54125702 0.02448694 0.02984551
2 0.73600746 0.53879916 0.00699627 0.00807584
2 0.69659515 0.53844803 0.00186567 0.00316011
2 0.73670709 0.54441713 0.00513060 0.00526685
2 0.73192631 0.54669944 0.00116604 0.00210674
2 0.70662313 0.55214185 0.00466418 0.00807584
2 0.71805037 0.55407303 0.00419776 0.00632022
2 0.68131996 0.55793539 0.01982276 0.01193820
2 0.56891325 0.55933989 0.00256530 0.00280899
2 0.57929104 0.55986657 0.00139925 0.00245787
2 0.69951026 0.56320225 0.00583022 0.00842697
2 0.69414646 0.56144663 0.00116604 0.00210674
2 0.34491604 0.60270365 0.00513060 0.00877809
2 0.77530317 0.60691713 0.00536381 0.01228933
2 0.59503265 0.62535112 0.00396455 0.00421348
2 0.31681437 0.66695927 0.01375933 0.02001404
3 0.58838619 0.09989466 0.01958955 0.01299157
3 0.66464552 0.12394663 0.01912313 0.04353933
3 0.67572295 0.18943118 0.01655784 0.04669944
3 0.56751399 0.82320927 0.02028918 0.02563202
3 0.55818563 0.85305478 0.02681903 0.04459270
3 0.23682369 0.89571629 0.02355410 0.05056180
