0 0.68796642 0.07075140 0.00326493 0.00596910
0 0.44006530 0.24315309 0.00886194 0.01158708
0 0.71525187 0.40115871 0.00466418 0.00807584
0 0.72224813 0.40765449 0.00466418 0.00632022
0 0.80142257 0.44048455 0.00583022 0.00877809
0 0.58407183 0.45593399 0.00629664 0.01158708
0 0.77075560 0.47752809 0.00419776 0.00632022
0 0.37383396 0.80179073 0.00279851 0.00386236
0 0.22399720 0.81179775 0.00209888 0.00351124
0 0.19659515 0.84515449 0.00466418 0.00632022
1 0.82625933 0.39115169 0.04197761 0.05688202
1 0.65356810 0.43855337 0.02262127 0.03230337
1 0.61963619 0.96576545 0.01492537 0.01299157
2 0.69158116 0.17538624 0.01189366 0.01439607
2 0.70837220 0.17714185 0.01002799 0.01299157
2 0.72294776 0.20839185 0.01445896 0.02914326
2 0.66581157 0.20698736 0.01585821 0.02282303
2 0.63246269 0.20575843 0.01725746 0.01053371
2 0.59946362 0.20804073 0.00349813 0.00667135
2 0.65508396 0.22226124 0.01119403 0.01825843
2 0.64120802 0.22454354 0.00443097 0.00667135
2 0.65928172 0.23542837 0.00652985 0.00948034
2 0.70032649 0.25438904 0.03544776 0.04248596
2 0.60226213 0.26193820 0.01982276 0.01685393
2 0.62581623 0.29582163 0.05153918 0.06004213
2 0.66616138 0.31882022 0.03614739 0.05969101
2 0.69531250 0.30547753 0.01049440 0.01123596
2 0.61532183 0.32847612 0.01375933 0.01228933
2 0.79419310 0.33707865 0.00722948 0.01264045
2 0.64738806 0.33725421 0.00699627 0.00877809
2 0.71793377 0.33848315 0.00676306 0.00912921
2 0.70592351 0.35129916 0.01166045 0.01369382
2 0.73973881 0.36130618 0.02332090 0.03300562
2 0.66511194 0.35884831 0.00419776 0.00632022
2 0.77133862 0.37535112 0.02495336 0.03300562
2 0.69554571 0.36692416 0.00722948 0.00912921
2 0.72912780 0.37148876 0.00396455 0.00842697
2 0.71630131 0.37570225 0.00396455 0.00702247
2 0.70114272 0.39062500 0.00862873 0.01720506
2 0.75163246 0.38606039 0.00466418 0.00807584
2 0.75734608 0.39799860 0.01189366 0.01720506
2 0.77763526 0.39712079 0.01375933 0.01615169
2 0.76923974 0.40642556 0.00722948 0.01088483
2 0.78241604 0.41046348 0.00652985 0.00983146
2 0.76236007 0.40870787 0.00326493 0.00491573
2 0.75956157 0.43504213 0.01958955 0.05196629
2 0.60739272 0.42749298 0.01189366 0.02282303
2 0.50256530 0.42924860 0.00792910 0.00737360
2 0.52658582 0.46014747 0.00326493 0.01228933
2 0.75466418 0.46875000 0.01865672 0.01685393
2 0.65321828 0.47313904 0.01539179 0.01860955
2 0.79221082 0.47682584 0.00419776 0.00561798
2 0.76329291 0.48595506 0.01259328 0.01966292
2 0.74288713 0.48191713 0.00396455 0.00667135
2 0.71175373 0.49227528 0.00419776 0.00842697
2 0.66791045 0.50140449 0.01072761 0.01896067
2 0.74440299 0.49631320 0.00466418 0.00877809
2 0.75384795 0.50140449 0.00443097 0.01334270
2 0.70405784 0.51632725 0.02005597 0.01790730
2 0.61637127 0.52966994 0.00419776 0.02352528
2 0.62534981 0.53160112 0.00489739 0.01474719
2 0.72772854 0.54687500 0.00722948 0.01158708
2 0.73822295 0.54915730 0.01142724 0.01334270
2 0.76702425 0.58514747 0.00746269 0.03405899
2 0.78556437 0.60445927 0.01282649 0.02773876
2 0.60645989 0.60481039 0.00489739 0.01931180
2 0.63642724 0.61148174 0.00326493 0.01018258
2 0.60785914 0.63307584 0.00909515 0.01404494
2 0.63199627 0.64185393 0.01026119 0.02387640
2 0.58745336 0.64027388 0.00559701 0.00807584
2 0.77891791 0.64360955 0.00746269 0.01123596
2 0.72003265 0.64764747 0.00676306 0.01088483
2 0.59993004 0.66292135 0.00769590 0.02036517
2 0.63129664 0.65835674 0.00792910 0.00912921
2 0.61800373 0.67292837 0.00652985 0.01018258
2 0.57789179 0.67784410 0.00699627 0.01439607
2 0.62021922 0.69856039 0.00676306 0.00948034
2 0.62686567 0.74789326 0.00559701 0.00772472
2 0.60506063 0.75860253 0.00722948 0.01088483
2 0.74603545 0.77247191 0.01539179 0.01123596
2 0.76515858 0.77808989 0.01399254 0.01685393
2 0.16569496 0.85042135 0.00303172 0.00421348
2 0.25722948 0.87201545 0.00279851 0.00456461
2 0.26877332 0.87622893 0.00583022 0.00807584
2 0.25326493 0.88658708 0.00419776 0.00561798
2 0.27833489 0.88658708 0.00396455 0.00421348
2 0.27751866 0.92047051 0.00373134 0.00386236
2 0.27238806 0.92608848 0.00559701 0.00807584
