0 0.43330224 0.03054775 0.00466418 0.00632022
0 0.56180037 0.04968399 0.00326493 0.00456461
0 0.25431437 0.10042135 0.00303172 0.00421348
0 0.50093284 0.12271770 0.00606343 0.00737360
0 0.40694963 0.13693820 0.00373134 0.00491573
0 0.41767724 0.26351826 0.00419776 0.00526685
0 0.61100746 0.33409410 0.00279851 0.00456461
0 0.66173041 0.34322331 0.00303172 0.00386236
0 0.60669310 0.35323034 0.00396455 0.00491573
0 0.48542444 0.36920646 0.00349813 0.00456461
0 0.74463619 0.40028090 0.00373134 0.00632022
0 0.64260728 0.47752809 0.00303172 0.00491573
0 0.09596549 0.48261938 0.00209888 0.00386236
0 0.69496269 0.49736657 0.00419776 0.00667135
0 0.71478545 0.52791433 0.00466418 0.00526685
0 0.62581623 0.55372191 0.00443097 0.00632022
0 0.77880131 0.56109551 0.00349813 0.00561798
0 0.55328825 0.59936798 0.00256530 0.00421348
0 0.68784981 0.62148876 0.00303172 0.00491573
0 0.63829291 0.67485955 0.00279851 0.00491573
0 0.19333022 0.72103230 0.00279851 0.00386236
0 0.19612873 0.73525281 0.00326493 0.00421348
0 0.19659515 0.74157303 0.00326493 0.00491573
0 0.26993937 0.76457163 0.00303172 0.00526685
0 0.65403451 0.77282303 0.00349813 0.00491573
0 0.64062500 0.80301966 0.00373134 0.00561798
0 0.75618004 0.81372893 0.00349813 0.00456461
0 0.77798507 0.83321629 0.00326493 0.00561798
0 0.22597948 0.83830758 0.00419776 0.00737360
0 0.65869869 0.85252809 0.00349813 0.00561798
0 0.62348414 0.85797051 0.00396455 0.00596910
0 0.49335354 0.87605337 0.00256530 0.00421348
0 0.45510728 0.87851124 0.00443097 0.00561798
0 0.31366604 0.88395365 0.00233209 0.00386236
0 0.32136194 0.90396770 0.00279851 0.00386236
1 0.43108675 0.01755618 0.00722948 0.01264045
1 0.34468284 0.11815309 0.01072761 0.02071629
1 0.46700093 0.82426264 0.00909515 0.01720506
2 0.53218284 0.00509129 0.00326493 0.00596910
2 0.52681903 0.01246489 0.00419776 0.00877809
2 0.55328825 0.01474719 0.00722948 0.01334270
2 0.52052239 0.05179073 0.00466418 0.00807584
2 0.50769590 0.06232444 0.01305970 0.01931180
2 0.52017257 0.06548455 0.00443097 0.01088483
2 0.54127799 0.07040028 0.00513060 0.00737360
2 0.52845149 0.08163624 0.01072761 0.01088483
2 0.55002332 0.08549860 0.00303172 0.00386236
2 0.54151119 0.10340590 0.00699627 0.01088483
2 0.53159981 0.11200843 0.00489739 0.00702247
2 0.64377332 0.34339888 0.00209888 0.00210674
2 0.59281716 0.35726826 0.00886194 0.01369382
2 0.61182369 0.36148174 0.00816231 0.00807584
2 0.09794776 0.44820927 0.00233209 0.00456461
2 0.57544310 0.56039326 0.00209888 0.00351124
2 0.43784981 0.60358146 0.00303172 0.00561798
2 0.12686567 0.65256320 0.00186567 0.00245787
2 0.50734608 0.81969803 0.00209888 0.00316011
