0 0.69636194 0.01457163 0.00419776 0.00596910
0 0.54186101 0.04020365 0.00349813 0.00526685
0 0.22609608 0.05582865 0.00722948 0.00912921
0 0.39062500 0.08233848 0.00652985 0.01088483
0 0.69881063 0.07970506 0.00303172 0.00561798
0 0.25373134 0.09146770 0.00466418 0.00596910
0 0.22143190 0.11832865 0.00349813 0.00561798
0 0.20743937 0.12183989 0.00349813 0.00491573
0 0.19437966 0.12693118 0.00443097 0.00596910
0 0.22084888 0.12500000 0.00186567 0.00280899
0 0.46944963 0.13518258 0.00839552 0.00912921
0 0.71828358 0.13518258 0.00326493 0.00561798
0 0.46886660 0.15642556 0.00816231 0.00667135
0 0.75443097 0.15800562 0.00326493 0.00491573
0 0.75384795 0.16362360 0.00349813 0.00491573
0 0.64260728 0.17169944 0.00956157 0.01264045
0 0.48565765 0.16959270 0.00349813 0.00561798
0 0.77880131 0.17169944 0.00489739 0.00842697
0 0.29792444 0.18433989 0.00349813 0.00421348
0 0.22014925 0.18995787 0.00419776 0.00772472
0 0.66301306 0.19961376 0.00466418 0.00596910
0 0.28404851 0.20347612 0.00513060 0.00526685
0 0.32206157 0.20365169 0.00279851 0.00351124
0 0.29092817 0.21804775 0.00489739 0.00772472
0 0.67572295 0.22138343 0.00536381 0.00807584
0 0.26760728 0.22963483 0.00396455 0.00561798
0 0.47609608 0.23121489 0.00443097 0.00596910
0 0.17374067 0.23577949 0.00466418 0.00596910
0 0.19216418 0.23560393 0.00233209 0.00561798
0 0.70079291 0.26176264 0.00419776 0.00877809
0 0.45778918 0.26070927 0.00419776 0.00526685
0 0.39715485 0.26615169 0.00606343 0.00912921
0 0.45510728 0.26685393 0.00396455 0.00561798
0 0.46478545 0.26983848 0.00466418 0.00667135
0 0.34433302 0.27106742 0.00629664 0.00772472
0 0.39552239 0.27826545 0.00792910 0.01158708
0 0.27157183 0.28142556 0.00536381 0.00807584
0 0.47924440 0.28265449 0.00559701 0.00702247
0 0.26515858 0.28581461 0.00513060 0.00702247
0 0.16592817 0.31846910 0.00256530 0.00351124
0 0.38596082 0.32268258 0.00466418 0.00702247
0 0.16161381 0.32952949 0.00233209 0.00386236
0 0.10377799 0.36025281 0.00233209 0.00351124
0 0.29291045 0.36271067 0.00419776 0.00632022
0 0.39388993 0.36657303 0.00419776 0.00561798
0 0.31774720 0.37219101 0.00349813 0.00421348
0 0.38829291 0.38623596 0.00279851 0.00421348
0 0.33815299 0.40063202 0.00233209 0.00351124
0 0.30445429 0.41379916 0.00443097 0.00877809
0 0.33360541 0.41660815 0.00489739 0.00948034
0 0.35657649 0.41608146 0.00466418 0.00912921
0 0.39167444 0.42889747 0.00536381 0.00877809
0 0.51434235 0.42784410 0.00256530 0.00316011
0 0.52973414 0.42907303 0.00303172 0.00351124
0 0.32136194 0.43591994 0.00279851 0.00456461
0 0.54979011 0.44785815 0.00629664 0.00456461
0 0.55235541 0.45540730 0.00769590 0.00912921
0 0.54524254 0.45628511 0.00513060 0.00456461
0 0.44286381 0.46699438 0.00419776 0.01264045
0 0.53789646 0.46945225 0.00676306 0.00842697
0 0.18773321 0.47313904 0.00326493 0.00526685
0 0.41919310 0.47963483 0.00676306 0.00632022
0 0.14657183 0.48490169 0.00676306 0.00912921
0 0.08756996 0.48577949 0.00349813 0.00596910
0 0.20755597 0.48630618 0.00419776 0.00772472
0 0.18691698 0.49631320 0.00489739 0.00807584
0 0.59503265 0.49596208 0.00256530 0.00386236
0 0.58442164 0.50456461 0.00326493 0.00421348
0 0.23577425 0.51931180 0.00326493 0.00561798
0 0.24090485 0.52071629 0.00233209 0.00351124
0 0.84141791 0.52387640 0.00559701 0.00702247
0 0.16522854 0.52299860 0.00209888 0.00386236
0 0.16884328 0.52703652 0.00139925 0.00210674
0 0.56284981 0.52738764 0.00209888 0.00280899
0 0.54920709 0.52984551 0.00373134 0.00561798
0 0.17758862 0.53423455 0.00349813 0.00526685
0 0.16709422 0.54020365 0.00209888 0.00456461
0 0.57567631 0.54125702 0.00209888 0.00456461
0 0.14878731 0.54389045 0.00279851 0.00491573
0 0.25128265 0.54722612 0.00303172 0.00386236
0 0.54465951 0.55898876 0.00769590 0.00772472
0 0.10727612 0.58075843 0.00186567 0.00210674
0 0.11077425 0.58707865 0.00279851 0.00421348
0 0.55130597 0.59497893 0.00233209 0.00386236
0 0.13467817 0.60586376 0.00209888 0.00386236
0 0.38386194 0.61551966 0.00746269 0.01123596
0 0.41464552 0.61516854 0.00373134 0.00632022
0 0.44927705 0.61815309 0.00489739 0.01018258
0 0.17572295 0.62078652 0.00349813 0.00632022
0 0.70953825 0.62868680 0.00722948 0.00807584
0 0.17082556 0.64641854 0.00349813 0.00632022
0 0.21163713 0.65554775 0.00769590 0.00842697
0 0.25361474 0.65747893 0.00816231 0.01299157
0 0.72294776 0.65502107 0.00466418 0.00667135
0 0.54209422 0.66853933 0.00256530 0.00632022
0 0.51224347 0.68908006 0.00209888 0.00386236
0 0.67828825 0.72313904 0.00443097 0.00877809
0 0.12791511 0.72665028 0.00349813 0.00596910
0 0.44286381 0.72770365 0.00373134 0.00807584
0 0.34223414 0.73068820 0.00303172 0.00421348
0 0.51690765 0.73648174 0.00256530 0.00456461
0 0.19298041 0.73929073 0.00349813 0.00526685
0 0.43726679 0.74367978 0.00326493 0.00632022
0 0.34340019 0.74824438 0.00583022 0.00772472
0 0.39085821 0.75087781 0.00466418 0.00526685
0 0.48484142 0.75000000 0.00139925 0.00280899
0 0.23087687 0.78195225 0.00186567 0.00351124
0 0.46082090 0.80565309 0.00186567 0.00245787
0 0.33080690 0.80688202 0.00303172 0.00421348
0 0.17362407 0.81741573 0.00256530 0.00491573
0 0.42339086 0.81829354 0.00303172 0.00386236
0 0.20254198 0.83163624 0.00209888 0.00316011
0 0.43330224 0.83690309 0.00373134 0.00596910
0 0.20440765 0.83690309 0.00256530 0.00526685
0 0.19717817 0.84146770 0.00209888 0.00316011
0 0.19239739 0.85884831 0.00373134 0.00491573
0 0.18120336 0.87816011 0.00373134 0.00491573
0 0.21886660 0.90326545 0.00209888 0.00456461
0 0.56121735 0.91204354 0.00349813 0.00596910
0 0.21746735 0.91731039 0.00209888 0.00316011
0 0.64260728 0.92363062 0.00536381 0.00737360
0 0.54512593 0.94434691 0.00303172 0.00596910
0 0.55177239 0.95681180 0.00373134 0.00632022
0 0.58617071 0.96365871 0.00816231 0.01158708
0 0.45347481 0.97910815 0.00443097 0.00526685
1 0.60074627 0.01509831 0.02145522 0.02949438
1 0.34141791 0.05337079 0.02098881 0.01755618
1 0.49055504 0.14325843 0.01049440 0.02387640
1 0.72399720 0.14431180 0.00443097 0.02036517
1 0.11951959 0.22401685 0.00536381 0.00702247
1 0.11287313 0.24139747 0.00233209 0.00667135
1 0.69216418 0.25052669 0.00932836 0.02141854
1 0.18750000 0.28318118 0.00419776 0.00807584
1 0.18563433 0.30389747 0.00373134 0.00807584
1 0.17315765 0.31091994 0.01096082 0.01860955
1 0.30445429 0.36025281 0.01562500 0.01334270
1 0.09293377 0.36077949 0.00349813 0.01018258
1 0.29500933 0.37359551 0.00606343 0.01193820
1 0.38747668 0.41783708 0.00909515 0.00772472
1 0.15566698 0.42327949 0.00583022 0.00526685
1 0.19018190 0.44873596 0.01049440 0.01334270
1 0.15298507 0.47366573 0.00699627 0.00983146
1 0.16814366 0.51562500 0.00699627 0.01228933
1 0.40776586 0.59094101 0.00536381 0.01123596
1 0.54186101 0.61077949 0.00629664 0.00667135
1 0.68761660 0.66063904 0.01655784 0.02703652
1 0.49510261 0.67608848 0.00932836 0.01650281
1 0.70312500 0.69610253 0.01305970 0.03546348
1 0.60296175 0.69943820 0.00396455 0.01123596
1 0.50979478 0.71875000 0.00839552 0.00983146
1 0.69741138 0.74350421 0.00583022 0.01860955
1 0.52495336 0.74982444 0.00606343 0.00877809
1 0.50443097 0.75210674 0.01492537 0.01053371
1 0.50886194 0.75825140 0.00839552 0.00877809
1 0.65345149 0.83778090 0.00886194 0.02808989
1 0.25291511 0.83672753 0.00583022 0.00561798
1 0.31110075 0.84761236 0.00839552 0.01193820
1 0.34328358 0.86376404 0.00792910 0.02387640
1 0.35261194 0.89483848 0.00979478 0.01299157
1 0.34398321 0.89817416 0.01305970 0.01053371
1 0.70837220 0.92942416 0.01609142 0.02036517
2 0.54850746 0.11903090 0.00652985 0.00421348
2 0.21560168 0.14238062 0.00536381 0.00456461
2 0.26329291 0.21400983 0.00559701 0.00807584
2 0.80457090 0.21471208 0.00746269 0.00877809
2 0.43411847 0.22823034 0.02541978 0.02668539
2 0.38654384 0.23700843 0.02028918 0.02387640
2 0.45907183 0.23525281 0.00489739 0.00632022
2 0.24965019 0.23455056 0.00443097 0.00421348
2 0.30422108 0.24069522 0.01236007 0.01580056
2 0.42082556 0.23823736 0.00862873 0.01018258
2 0.41651119 0.24929775 0.01212687 0.02808989
2 0.31704757 0.23964185 0.00349813 0.00316011
2 0.42957090 0.24315309 0.00466418 0.00948034
2 0.32544310 0.24227528 0.00443097 0.00491573
2 0.40286847 0.24122191 0.00396455 0.00351124
2 0.26084422 0.24490871 0.00909515 0.00737360
2 0.28008396 0.24631320 0.01305970 0.01088483
2 0.33593750 0.24894663 0.01982276 0.01264045
2 0.36345616 0.25122893 0.00676306 0.01439607
2 0.31028451 0.27545646 0.04267724 0.05442416
2 0.47936101 0.25579354 0.00769590 0.01228933
2 0.40928172 0.25193118 0.00279851 0.00316011
2 0.27786847 0.27352528 0.03754664 0.04494382
2 0.39202425 0.25456461 0.00652985 0.00421348
2 0.43493470 0.25596910 0.00419776 0.00632022
2 0.24801772 0.25860253 0.00489739 0.00807584
2 0.36835354 0.28318118 0.02821828 0.05793539
2 0.40799907 0.25684691 0.00583022 0.00456461
2 0.44834422 0.25895365 0.00583022 0.00948034
2 0.33628731 0.25842697 0.00513060 0.00561798
2 0.23577425 0.26035815 0.00466418 0.00245787
2 0.24172108 0.26738062 0.00676306 0.00737360
2 0.51352612 0.26790730 0.00373134 0.00702247
2 0.22807836 0.27141854 0.00419776 0.00421348
2 0.31215019 0.27457865 0.00629664 0.00351124
2 0.41546175 0.28160112 0.00536381 0.00632022
2 0.43131996 0.28546348 0.01329291 0.00842697
2 0.44321362 0.28441011 0.00209888 0.00421348
2 0.22889459 0.28686798 0.00396455 0.00561798
2 0.25466418 0.29652388 0.00839552 0.02212079
2 0.45009328 0.28757022 0.00373134 0.00491573
2 0.34759795 0.29389045 0.01236007 0.01615169
2 0.40869869 0.28967697 0.01002799 0.00632022
2 0.27576959 0.29353933 0.00862873 0.00772472
2 0.22527985 0.29336376 0.00466418 0.00316011
2 0.44717817 0.29424157 0.00256530 0.00421348
2 0.41756063 0.29968399 0.01422575 0.01369382
2 0.40916511 0.29722612 0.00303172 0.00526685
2 0.44379664 0.30038624 0.01212687 0.00737360
2 0.27297108 0.30161517 0.00909515 0.00280899
2 0.39190765 0.30389747 0.00396455 0.00456461
2 0.39843750 0.30547753 0.00676306 0.00632022
2 0.45988806 0.30951545 0.00699627 0.00948034
2 0.50151586 0.31074438 0.00629664 0.01053371
2 0.35494403 0.31197331 0.01399254 0.01158708
2 0.26830690 0.31214888 0.00956157 0.00632022
2 0.31413246 0.31197331 0.00979478 0.00596910
2 0.42012593 0.32426264 0.05480410 0.03054775
2 0.24125466 0.31495787 0.01142724 0.01053371
2 0.22679571 0.31408006 0.00303172 0.00526685
2 0.25396455 0.31741573 0.01352612 0.01264045
2 0.45359142 0.32250702 0.01772388 0.02071629
2 0.46944963 0.31987360 0.00839552 0.01193820
2 0.21676772 0.31952247 0.00256530 0.00210674
2 0.26667444 0.32531601 0.01749067 0.01228933
2 0.36951959 0.35112360 0.05340485 0.06250000
2 0.83990205 0.32549157 0.00489739 0.00632022
2 0.24871735 0.32601826 0.00349813 0.00386236
2 0.24836754 0.33900983 0.02192164 0.02282303
2 0.48192631 0.33637640 0.01096082 0.01193820
2 0.80830224 0.33637640 0.00699627 0.00912921
2 0.23565765 0.33584972 0.00256530 0.00526685
2 0.46583489 0.33848315 0.01422575 0.00561798
2 0.33850280 0.34392556 0.00816231 0.01228933
2 0.21828358 0.34901685 0.00792910 0.01053371
2 0.46700093 0.34655899 0.00769590 0.00632022
2 0.42397388 0.36077949 0.01819030 0.03125000
2 0.26364272 0.35393258 0.00862873 0.01123596
2 0.34479944 0.35832163 0.00676306 0.01228933
2 0.37569963 0.35533708 0.00513060 0.00702247
2 0.44484608 0.35621489 0.00676306 0.00807584
2 0.47096549 0.35568820 0.00349813 0.00421348
2 0.38817631 0.35691713 0.00349813 0.00456461
2 0.41324627 0.35744382 0.00326493 0.00421348
2 0.25151586 0.36797753 0.01515858 0.01825843
2 0.45254198 0.36077949 0.00209888 0.00386236
2 0.32987407 0.36464185 0.00583022 0.00737360
2 0.22796175 0.37078652 0.00956157 0.01825843
2 0.40251866 0.36499298 0.00373134 0.00316011
2 0.41266325 0.36587079 0.00443097 0.00421348
2 0.24300373 0.37131320 0.00839552 0.00948034
2 0.26644123 0.36885534 0.00443097 0.00456461
2 0.33850280 0.37429775 0.01189366 0.01404494
2 0.47924440 0.37078652 0.00373134 0.00421348
2 0.26410914 0.37412219 0.00536381 0.00526685
2 0.25839552 0.37763343 0.00186567 0.00175562
2 0.38129664 0.37833567 0.00326493 0.00386236
2 0.41709422 0.37833567 0.00303172 0.00386236
2 0.42747201 0.38009129 0.00839552 0.00737360
2 0.21723414 0.38448034 0.00536381 0.00842697
2 0.22434701 0.38360253 0.00466418 0.00596910
2 0.46478545 0.38272472 0.00326493 0.00421348
2 0.25501399 0.38448034 0.00769590 0.00491573
2 0.40799907 0.38412921 0.00536381 0.00421348
2 0.34876399 0.39062500 0.00769590 0.00737360
2 0.46746735 0.38904494 0.00303172 0.00421348
2 0.42618937 0.39115169 0.00303172 0.00491573
2 0.26212687 0.40572331 0.02332090 0.03125000
2 0.42117537 0.39132725 0.00326493 0.00245787
2 0.37639925 0.39343399 0.00279851 0.00386236
2 0.21921642 0.39536517 0.00652985 0.00702247
2 0.40065299 0.39483848 0.00279851 0.00596910
2 0.41336287 0.39747191 0.00722948 0.00772472
2 0.28148321 0.40361657 0.01026119 0.01860955
2 0.43283582 0.39905197 0.00466418 0.00456461
2 0.27238806 0.40449438 0.00279851 0.00632022
2 0.38654384 0.40379213 0.00349813 0.00561798
2 0.42257463 0.40379213 0.00559701 0.00561798
2 0.42898787 0.40466994 0.00443097 0.00596910
2 0.18248601 0.40783006 0.00443097 0.00596910
2 0.39972015 0.40677669 0.00373134 0.00456461
2 0.22772854 0.41028792 0.00629664 0.00596910
2 0.30037313 0.41713483 0.00419776 0.00842697
2 0.40904851 0.41467697 0.00326493 0.00351124
2 0.25046642 0.41713483 0.00559701 0.00421348
2 0.40636660 0.42538624 0.01002799 0.01931180
2 0.18131996 0.42011938 0.00209888 0.00386236
2 0.37989739 0.42152388 0.00326493 0.00526685
2 0.27950093 0.42433287 0.00396455 0.00737360
2 0.25781250 0.42749298 0.01002799 0.01158708
2 0.17152519 0.42801966 0.00443097 0.00561798
2 0.38141325 0.43117978 0.00536381 0.00983146
2 0.24032183 0.42995084 0.00349813 0.00526685
2 0.39913713 0.43100421 0.00349813 0.00386236
2 0.28090019 0.43363764 0.00536381 0.00702247
2 0.81914646 0.43662219 0.01236007 0.01228933
2 0.26247668 0.44592697 0.01375933 0.02808989
2 0.28451493 0.43679775 0.00279851 0.00351124
2 0.27262127 0.44206461 0.00746269 0.01334270
2 0.39132463 0.45751404 0.02472015 0.04213483
2 0.40648321 0.44136236 0.00932836 0.01053371
2 0.83442164 0.44206461 0.00513060 0.00983146
2 0.37441698 0.44346910 0.00396455 0.00421348
2 0.28976213 0.44768258 0.00536381 0.00842697
2 0.80247201 0.44733146 0.00839552 0.00842697
2 0.28090019 0.45312500 0.01749067 0.01790730
2 0.33220616 0.45014045 0.01702425 0.01193820
2 0.81634795 0.45312500 0.01282649 0.01299157
2 0.60027985 0.45435393 0.00279851 0.00421348
2 0.80445429 0.45540730 0.00676306 0.00421348
2 0.31005131 0.45558287 0.00256530 0.00316011
2 0.37826493 0.45628511 0.00419776 0.00456461
2 0.26807369 0.46049860 0.00349813 0.00316011
2 0.29547575 0.46365871 0.00699627 0.00526685
2 0.33034049 0.49894663 0.07625933 0.07373596
2 0.26714086 0.46734551 0.00629664 0.00842697
2 0.28789646 0.47436798 0.01888993 0.02247191
2 0.31891325 0.46962781 0.00769590 0.01088483
2 0.56704757 0.46769663 0.00303172 0.00491573
2 0.37220149 0.46734551 0.00233209 0.00351124
2 0.81028451 0.47138343 0.01002799 0.00948034
2 0.55282183 0.47226124 0.00209888 0.00491573
2 0.37080224 0.47384129 0.00513060 0.00456461
2 0.35797575 0.47717697 0.00746269 0.00632022
2 0.30760261 0.47682584 0.00419776 0.00351124
2 0.55492071 0.47717697 0.00256530 0.00210674
2 0.29640858 0.48156601 0.00652985 0.00948034
2 0.38712687 0.48103933 0.00373134 0.00351124
2 0.31121735 0.48384831 0.00396455 0.00421348
2 0.76061101 0.48700843 0.00676306 0.00842697
2 0.37931437 0.48876404 0.00816231 0.01123596
2 0.55620336 0.48490169 0.00186567 0.00280899
2 0.39004198 0.48613062 0.00396455 0.00386236
2 0.54955690 0.48718399 0.00256530 0.00456461
2 0.29920709 0.49525983 0.00792910 0.01509831
2 0.16196362 0.49350421 0.00583022 0.00596910
2 0.76819030 0.49227528 0.00373134 0.00421348
2 0.55550373 0.49280197 0.00233209 0.00316011
2 0.55900187 0.49525983 0.00186567 0.00245787
2 0.18330224 0.49613764 0.00186567 0.00280899
2 0.16382929 0.49613764 0.00069963 0.00140449
2 0.78218284 0.50333567 0.00279851 0.00877809
2 0.29442631 0.50667135 0.00396455 0.00280899
2 0.18470149 0.51106039 0.00746269 0.00877809
2 0.28836287 0.50965590 0.00443097 0.00596910
2 0.15998134 0.51070927 0.00373134 0.00596910
2 0.81518190 0.51141152 0.00303172 0.00456461
2 0.79792444 0.51632725 0.00956157 0.01018258
2 0.77518657 0.51825843 0.00886194 0.00912921
2 0.14668843 0.51948736 0.00326493 0.00526685
2 0.17840485 0.52001404 0.00606343 0.00632022
2 0.17560634 0.52738764 0.00606343 0.00772472
2 0.85552705 0.55635534 0.00909515 0.02914326
2 0.77763526 0.54792837 0.00536381 0.00526685
2 0.78649720 0.54933287 0.00209888 0.00316011
2 0.11240672 0.55108848 0.00233209 0.00456461
2 0.21128731 0.55161517 0.00279851 0.00421348
2 0.23798974 0.56724017 0.00303172 0.00456461
2 0.81051772 0.57022472 0.00583022 0.00702247
2 0.32427705 0.58497191 0.00443097 0.00561798
2 0.33080690 0.59410112 0.01236007 0.01896067
2 0.31634795 0.60340590 0.01189366 0.01580056
2 0.10517724 0.62008427 0.00233209 0.00421348
2 0.49055504 0.64009831 0.00722948 0.01404494
2 0.49930037 0.63588483 0.00186567 0.00351124
2 0.50804571 0.64185393 0.00209888 0.00351124
2 0.44869403 0.64185393 0.00186567 0.00280899
2 0.54512593 0.64431180 0.00256530 0.00772472
2 0.14400653 0.64571629 0.00303172 0.00632022
2 0.55037313 0.64501404 0.00233209 0.00421348
2 0.51236007 0.64589185 0.00279851 0.00456461
2 0.53031716 0.65238764 0.00373134 0.00772472
2 0.47877799 0.65361657 0.00652985 0.00737360
2 0.46805037 0.65466994 0.00326493 0.00807584
2 0.18610075 0.65888343 0.00186567 0.00316011
2 0.43201959 0.66046348 0.00256530 0.00421348
2 0.45813899 0.66344803 0.00209888 0.00526685
2 0.45837220 0.67485955 0.00396455 0.00491573
2 0.53346549 0.67643961 0.00209888 0.00807584
2 0.52903451 0.67766854 0.00209888 0.00491573
2 0.12954757 0.67942416 0.00256530 0.00561798
2 0.48798974 0.68714888 0.00256530 0.00842697
2 0.46630131 0.69013343 0.00629664 0.00807584
2 0.47854478 0.69294242 0.00373134 0.00948034
2 0.33115672 0.69680478 0.00233209 0.00386236
2 0.30666978 0.70242275 0.00652985 0.00877809
2 0.33617071 0.70575843 0.00443097 0.00702247
2 0.29804104 0.71014747 0.00326493 0.00456461
2 0.36252332 0.71541433 0.00676306 0.00737360
2 0.49930037 0.71418539 0.00233209 0.00421348
2 0.49137127 0.72050562 0.00373134 0.00491573
2 0.29524254 0.71962781 0.00186567 0.00245787
2 0.33500466 0.72366573 0.00209888 0.00421348
2 0.48833955 0.72893258 0.00139925 0.00280899
2 0.32392724 0.73437500 0.00233209 0.00316011
2 0.33990205 0.74209972 0.00349813 0.00456461
2 0.25699627 0.74543539 0.00233209 0.00351124
2 0.32404384 0.74578652 0.00209888 0.00280899
2 0.33558769 0.77299860 0.00419776 0.00667135
3 0.17747201 0.14360955 0.04524254 0.04985955
3 0.17933769 0.18978230 0.01632463 0.02422753
3 0.42315765 0.46716994 0.01515858 0.02563202
3 0.46187034 0.51299157 0.02868470 0.04845506
3 0.52355410 0.55108848 0.03777985 0.04880618
3 0.15205224 0.85077247 0.02798507 0.05898876
3 0.38316231 0.86148174 0.01585821 0.03125000
3 0.36205690 0.87148876 0.03334888 0.03862360
