0 0.56191698 0.00895365 0.00349813 0.00526685
0 0.45125933 0.06162219 0.00652985 0.00807584
0 0.53136660 0.06390449 0.00489739 0.00772472
0 0.26480877 0.06969803 0.00349813 0.00596910
0 0.52227146 0.07794944 0.00349813 0.00561798
0 0.53859608 0.08391854 0.00489739 0.00632022
0 0.49265392 0.08795646 0.00349813 0.00526685
0 0.51492537 0.09849017 0.00559701 0.01018258
0 0.22096549 0.09673455 0.00256530 0.00456461
0 0.33395522 0.10463483 0.00419776 0.00632022
0 0.70242537 0.11271067 0.00326493 0.00491573
0 0.49778451 0.11692416 0.00256530 0.00351124
0 0.34701493 0.14325843 0.00513060 0.00702247
0 0.58010728 0.14747191 0.00489739 0.00772472
0 0.66312966 0.21734551 0.00396455 0.00702247
0 0.36777052 0.23683287 0.00652985 0.00877809
0 0.20289179 0.24561096 0.00373134 0.00667135
0 0.58710354 0.33268961 0.00536381 0.00877809
0 0.59433302 0.33374298 0.00536381 0.00877809
0 0.09701493 0.40221208 0.00419776 0.00737360
0 0.52040578 0.46629213 0.00349813 0.00561798
0 0.51609142 0.46997893 0.00373134 0.00596910
0 0.44846082 0.50948034 0.00279851 0.00561798
0 0.42572295 0.52475421 0.00396455 0.00667135
0 0.13397854 0.57338483 0.00163246 0.00351124
0 0.42968750 0.60744382 0.00349813 0.00561798
0 0.30923507 0.72963483 0.00419776 0.00702247
0 0.29605877 0.94066011 0.00443097 0.00772472
1 0.41336287 0.02141854 0.05153918 0.04073034
1 0.38502799 0.02545646 0.00886194 0.00807584
1 0.37511660 0.03195225 0.01049440 0.01474719
1 0.56774720 0.03774579 0.01329291 0.01299157
1 0.56180037 0.05617978 0.02891791 0.01474719
1 0.70067631 0.07970506 0.03754664 0.05196629
1 0.59409981 0.10375702 0.01142724 0.01088483
1 0.56226679 0.12851124 0.02192164 0.03089888
1 0.50116604 0.13623596 0.01352612 0.02457865
1 0.76667444 0.16485253 0.05527052 0.08040730
1 0.70452425 0.14852528 0.01585821 0.03441011
1 0.46280317 0.16836376 0.06226679 0.05372191
1 0.56599813 0.15466994 0.00652985 0.00737360
1 0.27437034 0.20312500 0.01002799 0.02352528
1 0.36357276 0.22085674 0.01119403 0.01825843
1 0.31273321 0.29125702 0.02192164 0.03405899
1 0.12756530 0.31724017 0.07555970 0.06495787
1 0.55562034 0.33549860 0.01002799 0.01018258
1 0.09270056 0.35568820 0.01422575 0.00632022
1 0.71723414 0.36060393 0.00722948 0.01334270
1 0.40811567 0.46383427 0.09561567 0.06601124
1 0.13246269 0.55617978 0.04384328 0.05196629
1 0.16849347 0.54389045 0.00862873 0.02247191
1 0.12150187 0.61393961 0.04244403 0.07830056
1 0.09001866 0.61867978 0.02378731 0.03230337
1 0.27880131 0.64887640 0.02495336 0.04213483
1 0.46653451 0.68855337 0.03148321 0.03792135
2 0.39738806 0.03458567 0.00559701 0.01018258
2 0.51562500 0.04476826 0.00513060 0.01158708
2 0.49673507 0.04511938 0.00279851 0.00667135
2 0.39610541 0.04950843 0.00256530 0.00561798
2 0.50186567 0.05582865 0.00419776 0.00632022
2 0.47761194 0.05986657 0.00746269 0.00948034
2 0.48670709 0.06759129 0.00839552 0.01650281
2 0.47656250 0.07373596 0.01002799 0.01896067
2 0.43575093 0.06636236 0.00256530 0.00351124
2 0.40135261 0.06794242 0.00279851 0.00456461
2 0.45265858 0.07320927 0.00373134 0.00456461
2 0.46571828 0.07794944 0.00513060 0.01123596
2 0.57066231 0.08286517 0.01212687 0.01334270
2 0.59270056 0.08620084 0.00956157 0.01439607
2 0.44507929 0.08813202 0.00722948 0.01544944
2 0.46256996 0.08795646 0.00349813 0.01509831
2 0.57894123 0.08198736 0.00256530 0.00386236
2 0.58220616 0.08286517 0.00256530 0.00351124
2 0.39447295 0.08479635 0.00256530 0.00596910
2 0.47003265 0.08497191 0.00349813 0.00632022
2 0.45860541 0.08620084 0.00396455 0.00667135
2 0.42852146 0.08637640 0.00256530 0.00491573
2 0.42502332 0.08953652 0.00303172 0.00842697
2 0.58325560 0.08830758 0.00279851 0.00316011
2 0.58675373 0.08865871 0.00233209 0.00316011
2 0.43878265 0.09533006 0.00489739 0.01369382
2 0.47073228 0.09462781 0.00256530 0.00877809
2 0.42723881 0.09392556 0.00186567 0.00526685
2 0.57975746 0.09410112 0.00233209 0.00351124
2 0.43295243 0.09585674 0.00349813 0.00561798
2 0.68948228 0.10042135 0.00909515 0.01404494
2 0.59911381 0.09971910 0.00419776 0.00912921
2 0.45429104 0.10393258 0.00652985 0.01404494
2 0.60436101 0.10287921 0.00489739 0.00983146
2 0.61695429 0.10270365 0.00209888 0.00386236
2 0.46256996 0.10849719 0.00816231 0.01474719
2 0.61415578 0.10428371 0.00303172 0.00561798
2 0.61147388 0.10568820 0.00186567 0.00421348
2 0.40251866 0.11007725 0.00466418 0.01228933
2 0.44542910 0.11007725 0.00652985 0.00807584
2 0.42409049 0.11218399 0.00722948 0.01088483
2 0.45475746 0.11674860 0.00326493 0.00526685
2 0.60424440 0.13044242 0.00373134 0.00456461
2 0.58803638 0.13939607 0.00209888 0.00421348
2 0.60027985 0.14589185 0.01072761 0.01650281
2 0.59363340 0.16502809 0.01096082 0.03160112
2 0.58430504 0.15519663 0.00256530 0.00561798
2 0.60715951 0.15730337 0.00349813 0.00561798
2 0.58069030 0.16292135 0.00373134 0.00702247
2 0.59013526 0.16362360 0.00163246 0.00842697
2 0.58232276 0.17766854 0.00326493 0.00561798
2 0.57975746 0.20101826 0.00326493 0.00596910
2 0.57894123 0.20751404 0.00163246 0.00421348
2 0.12266791 0.24578652 0.00279851 0.00632022
2 0.11637127 0.26088483 0.00326493 0.00912921
2 0.62709888 0.25948034 0.00279851 0.00491573
2 0.63106343 0.26193820 0.00513060 0.00842697
2 0.11298974 0.26825843 0.00303172 0.00491573
2 0.60459422 0.27457865 0.00489739 0.00842697
2 0.64132463 0.27914326 0.00279851 0.00421348
2 0.62674907 0.28247893 0.00676306 0.00948034
2 0.65158582 0.28283006 0.00559701 0.00948034
2 0.61695429 0.28915028 0.00536381 0.01439607
2 0.63013060 0.28915028 0.00373134 0.00596910
2 0.60121269 0.29494382 0.00559701 0.01193820
2 0.62488340 0.29406601 0.00349813 0.00596910
2 0.60750933 0.30266854 0.00233209 0.00912921
2 0.59876399 0.30635534 0.00583022 0.01228933
2 0.48938899 0.34936798 0.00629664 0.02247191
2 0.50011660 0.38167135 0.00536381 0.01404494
2 0.49533582 0.38377809 0.00233209 0.00842697
2 0.55853545 0.47191011 0.00792910 0.02808989
2 0.54909049 0.46330758 0.00303172 0.00807584
2 0.55200560 0.46278090 0.00186567 0.00702247
2 0.56063433 0.48613062 0.00186567 0.00596910
2 0.56284981 0.48981742 0.00163246 0.00772472
2 0.55527052 0.49069522 0.00186567 0.00737360
2 0.46979944 0.49666433 0.01236007 0.01790730
2 0.54687500 0.49420646 0.00559701 0.01158708
2 0.45673974 0.49841994 0.00349813 0.00737360
2 0.55457090 0.49929775 0.00279851 0.00702247
2 0.48180970 0.50017556 0.00373134 0.00667135
2 0.48192631 0.52159410 0.03428172 0.04880618
2 0.42432369 0.50263343 0.00443097 0.00596910
2 0.47761194 0.50825140 0.00373134 0.00667135
2 0.42898787 0.51228933 0.00536381 0.00983146
2 0.50781250 0.52212079 0.00256530 0.01404494
2 0.45510728 0.52282303 0.00303172 0.00561798
2 0.49871735 0.53721910 0.00536381 0.01474719
2 0.16371269 0.55617978 0.00419776 0.00702247
2 0.63561101 0.57584270 0.00396455 0.00912921
2 0.49078825 0.57970506 0.00256530 0.00702247
2 0.50023321 0.58795646 0.00839552 0.01509831
2 0.61543843 0.59269663 0.00746269 0.01053371
2 0.61147388 0.60042135 0.00233209 0.00491573
2 0.61473881 0.60147472 0.00186567 0.00421348
2 0.31389925 0.62640449 0.00652985 0.01474719
2 0.62395056 0.62763343 0.00209888 0.00245787
2 0.48449160 0.65449438 0.00396455 0.00842697
2 0.29419310 0.67222612 0.00256530 0.00877809
2 0.30223881 0.67942416 0.00886194 0.01264045
2 0.51061101 0.89044944 0.00443097 0.00632022
3 0.45662313 0.02808989 0.04151119 0.05617978
3 0.52740205 0.02861657 0.05527052 0.05723315
3 0.75000000 0.13219803 0.08675373 0.12464888
3 0.58104011 0.11341292 0.02122201 0.03160112
3 0.49078825 0.15888343 0.01329291 0.01931180
3 0.09713153 0.55477528 0.05340485 0.05828652
3 0.09538246 0.60042135 0.04570896 0.04564607
3 0.29920709 0.94926264 0.02985075 0.04950843
