0 0.49906716 0.06285112 0.00326493 0.00491573
0 0.68959888 0.08497191 0.00279851 0.00421348
0 0.67793843 0.09620787 0.00466418 0.00842697
0 0.30911847 0.19469803 0.00536381 0.00807584
0 0.42957090 0.25772472 0.00559701 0.00842697
0 0.12383396 0.32478933 0.00279851 0.00421348
0 0.84130131 0.44908708 0.00583022 0.00772472
0 0.13829291 0.47155899 0.00419776 0.00702247
0 0.54209422 0.48121489 0.00443097 0.00667135
0 0.11403918 0.55424860 0.00373134 0.00667135
0 0.15543377 0.57724719 0.00536381 0.00912921
0 0.70802239 0.75632022 0.00373134 0.00632022
0 0.70125933 0.78002107 0.00373134 0.00526685
1 0.28043377 0.03862360 0.00396455 0.01123596
1 0.63316231 0.05881320 0.01352612 0.02703652
1 0.34981343 0.50667135 0.01072761 0.00912921
1 0.80830224 0.51790730 0.01212687 0.01193820
1 0.82555970 0.54898174 0.01352612 0.02633427
1 0.77681903 0.68100421 0.02611940 0.03827247
1 0.58290578 0.73595506 0.01002799 0.01404494
1 0.66208022 0.92521067 0.10727612 0.06952247
1 0.38922575 0.91257022 0.02798507 0.04213483
2 0.41779384 0.01035815 0.00489739 0.00877809
2 0.43889925 0.01913624 0.00606343 0.01228933
2 0.35121269 0.02861657 0.00373134 0.01158708
2 0.33383862 0.03142556 0.00443097 0.00596910
2 0.36298974 0.03335674 0.00303172 0.00351124
2 0.37919776 0.03879916 0.00233209 0.00245787
2 0.36637127 0.04441713 0.00559701 0.00737360
2 0.35529384 0.04318820 0.00209888 0.00351124
2 0.39004198 0.04652388 0.00303172 0.01018258
2 0.39703825 0.04863062 0.00443097 0.00526685
2 0.40590019 0.05073736 0.00489739 0.00737360
2 0.35529384 0.05582865 0.00676306 0.00772472
2 0.36380597 0.06197331 0.00419776 0.00526685
2 0.43446828 0.06671348 0.00559701 0.00912921
2 0.46023787 0.07566713 0.00862873 0.01088483
2 0.44601213 0.07759831 0.01282649 0.01334270
2 0.39680504 0.09304775 0.00536381 0.00912921
2 0.40298507 0.10603933 0.00326493 0.00491573
2 0.40578358 0.12008427 0.00279851 0.00421348
2 0.47376399 0.13202247 0.00443097 0.00983146
2 0.47772854 0.13430478 0.00536381 0.01158708
2 0.15333489 0.13693820 0.00583022 0.00912921
2 0.48647388 0.13764045 0.00233209 0.00351124
2 0.17117537 0.18908006 0.00233209 0.00386236
2 0.17700560 0.20330056 0.00233209 0.00561798
2 0.13840951 0.22208567 0.00209888 0.00386236
2 0.60296175 0.26931180 0.00816231 0.01685393
2 0.61007463 0.26773174 0.00606343 0.00877809
2 0.49930037 0.31776685 0.01212687 0.02317416
2 0.53929571 0.33075843 0.00536381 0.01123596
2 0.16243004 0.34585674 0.00443097 0.01123596
2 0.50967817 0.34269663 0.00489739 0.00421348
2 0.14832090 0.35375702 0.00932836 0.01790730
2 0.13759328 0.35639045 0.00652985 0.01264045
2 0.49416978 0.35867275 0.00699627 0.01299157
2 0.11275653 0.35814607 0.00629664 0.00632022
2 0.18913246 0.36903090 0.00373134 0.00983146
2 0.18178638 0.37535112 0.00536381 0.00772472
2 0.18598414 0.37464888 0.00209888 0.00280899
2 0.17000933 0.39308287 0.02285448 0.03546348
2 0.11858675 0.38588483 0.01329291 0.01615169
2 0.15461754 0.38342697 0.00746269 0.00912921
2 0.49533582 0.38676264 0.00746269 0.01439607
2 0.50886194 0.38272472 0.00373134 0.00561798
2 0.13899254 0.39167837 0.01072761 0.01509831
2 0.18166978 0.41099017 0.00559701 0.00948034
2 0.14832090 0.40870787 0.00279851 0.00351124
2 0.11847015 0.41889045 0.01305970 0.02176966
2 0.17630597 0.41221910 0.00326493 0.00351124
2 0.12441698 0.41783708 0.00349813 0.00772472
2 0.15391791 0.41678371 0.00279851 0.00421348
2 0.18959888 0.41906601 0.00606343 0.00877809
2 0.12989739 0.41801264 0.00513060 0.00456461
2 0.14225746 0.42433287 0.00839552 0.01158708
2 0.15473414 0.43539326 0.01655784 0.02247191
2 0.19962687 0.43574438 0.00373134 0.00491573
2 0.20743937 0.44224017 0.00769590 0.01580056
2 0.33663713 0.55407303 0.00303172 0.00491573
2 0.32625933 0.56408006 0.02285448 0.01439607
2 0.34176772 0.56759129 0.00722948 0.00667135
2 0.35715951 0.57496489 0.00536381 0.00456461
2 0.35599347 0.59497893 0.00629664 0.01018258
2 0.33442164 0.60375702 0.00419776 0.00737360
2 0.34351679 0.61516854 0.00373134 0.00702247
2 0.33337220 0.61990871 0.00303172 0.00456461
2 0.34899720 0.63412921 0.00489739 0.00772472
2 0.11683769 0.75298455 0.00419776 0.00526685
2 0.12593284 0.75930478 0.00373134 0.00737360
2 0.12733209 0.76790730 0.00466418 0.00842697
3 0.66184701 0.04459270 0.05037313 0.07303371
