0 0.60249534 0.24315309 0.00303172 0.00456461
0 0.60004664 0.25772472 0.00373134 0.00632022
0 0.57322761 0.28704354 0.00419776 0.00667135
0 0.64528918 0.34216994 0.00326493 0.00526685
0 0.74043843 0.40730337 0.00326493 0.00491573
0 0.61648787 0.41678371 0.00256530 0.00421348
0 0.67583955 0.44224017 0.00326493 0.00456461
0 0.56972948 0.44873596 0.00606343 0.01123596
0 0.77786847 0.48455056 0.00396455 0.00491573
0 0.38526119 0.50316011 0.00326493 0.00561798
0 0.37534981 0.50368680 0.00396455 0.00596910
0 0.56786381 0.50579354 0.00326493 0.00596910
0 0.36485541 0.52159410 0.00349813 0.00596910
0 0.48915578 0.61446629 0.00303172 0.00561798
0 0.66616138 0.64518961 0.00256530 0.00456461
0 0.64109142 0.68030197 0.00186567 0.00316011
0 0.77763526 0.69452247 0.00489739 0.00772472
0 0.67618937 0.69434691 0.00256530 0.00386236
0 0.51352612 0.74912219 0.00279851 0.00526685
0 0.41138060 0.76264045 0.00233209 0.00421348
0 0.53917910 0.77317416 0.00419776 0.00561798
0 0.58500466 0.77615871 0.00303172 0.00386236
0 0.61590485 0.88395365 0.00513060 0.00807584
1 0.38036381 0.22893258 0.02332090 0.02457865
1 0.60272854 0.23191713 0.00862873 0.01860955
1 0.80527052 0.27545646 0.01305970 0.01720506
1 0.51690765 0.31741573 0.01002799 0.01404494
1 0.52425373 0.32777388 0.01259328 0.01650281
1 0.61135728 0.41889045 0.00722948 0.00561798
1 0.62639925 0.45330056 0.00466418 0.01123596
1 0.66173041 0.49789326 0.00956157 0.01053371
1 0.79092817 0.52861657 0.00862873 0.00877809
1 0.59818097 0.55582865 0.01352612 0.01825843
1 0.42210821 0.59971910 0.01119403 0.01896067
1 0.57567631 0.60568820 0.01795709 0.02879213
1 0.67933769 0.61499298 0.02751866 0.03195225
1 0.68656716 0.64483848 0.01026119 0.02773876
1 0.67537313 0.65818118 0.00699627 0.01018258
1 0.61625466 0.67749298 0.00209888 0.00596910
1 0.73577425 0.74087079 0.01026119 0.01615169
1 0.53743004 0.75737360 0.01562500 0.01825843
1 0.40951493 0.77036517 0.00559701 0.00983146
1 0.60284515 0.77457865 0.00652985 0.00702247
1 0.23927239 0.78423455 0.00839552 0.01509831
1 0.40683302 0.78300562 0.01375933 0.00983146
2 0.73798974 0.12096208 0.00536381 0.00596910
2 0.52973414 0.34585674 0.00583022 0.00632022
2 0.52355410 0.35024579 0.00373134 0.00386236
2 0.38887593 0.48314607 0.00209888 0.00491573
2 0.40939832 0.49841994 0.00396455 0.00877809
2 0.41557836 0.51035815 0.00279851 0.00456461
2 0.45020989 0.51000702 0.00209888 0.00386236
2 0.44251399 0.51088483 0.00116604 0.00210674
2 0.44018190 0.51422051 0.00303172 0.00667135
2 0.38992537 0.52054073 0.00373134 0.00456461
2 0.40543377 0.52106742 0.00256530 0.00351124
2 0.38141325 0.52545646 0.00583022 0.00596910
2 0.42887127 0.52563202 0.00279851 0.00561798
2 0.39797108 0.52703652 0.00256530 0.00702247
2 0.40846549 0.52721208 0.00489739 0.00807584
2 0.39167444 0.52633427 0.00209888 0.00351124
2 0.54057836 0.52668539 0.00233209 0.00351124
2 0.39458955 0.52721208 0.00233209 0.00316011
2 0.38584422 0.52931882 0.00209888 0.00316011
2 0.41464552 0.53019663 0.00233209 0.00351124
2 0.38316231 0.53177669 0.00279851 0.00386236
2 0.39027519 0.53370787 0.00349813 0.00632022
2 0.40298507 0.53493680 0.00139925 0.00316011
2 0.40916511 0.53511236 0.00256530 0.00351124
2 0.40753265 0.53862360 0.00163246 0.00351124
2 0.58010728 0.54617275 0.00163246 0.00245787
2 0.61858675 0.55898876 0.00256530 0.00421348
2 0.60984142 0.56759129 0.00419776 0.00596910
2 0.60307836 0.59480337 0.00279851 0.00491573
2 0.55177239 0.60112360 0.00233209 0.00351124
2 0.55212220 0.61551966 0.00209888 0.00280899
2 0.56133396 0.61762640 0.00466418 0.00632022
2 0.55317164 0.62306882 0.00233209 0.00316011
2 0.61951959 0.69224017 0.00443097 0.00667135
