0 0.41989272 0.02686096 0.00722948 0.01018258
0 0.43271922 0.04722612 0.00349813 0.00877809
0 0.45802239 0.10568820 0.00559701 0.00842697
0 0.67152519 0.10867275 0.00303172 0.00316011
0 0.65181903 0.11393961 0.00746269 0.01228933
0 0.16639459 0.12043539 0.00443097 0.00842697
0 0.49020522 0.12377107 0.00513060 0.00807584
0 0.32077892 0.15730337 0.00303172 0.00561798
0 0.54349347 0.16731039 0.00676306 0.00877809
0 0.52518657 0.17503511 0.00326493 0.00596910
0 0.21023787 0.20382725 0.00489739 0.00948034
0 0.69379664 0.22910815 0.00466418 0.00948034
0 0.58197295 0.23033708 0.00443097 0.00632022
0 0.58290578 0.24894663 0.00256530 0.00351124
0 0.42805504 0.25807584 0.00629664 0.00983146
0 0.59631530 0.27247191 0.00373134 0.00561798
0 0.21548507 0.27633427 0.00699627 0.00912921
0 0.76364272 0.28546348 0.00489739 0.00702247
0 0.75676306 0.29125702 0.00606343 0.01088483
0 0.62581623 0.31899579 0.00349813 0.00456461
0 0.73938899 0.33110955 0.00583022 0.00842697
0 0.70545709 0.34269663 0.00326493 0.00491573
0 0.39948694 0.34761236 0.00373134 0.00351124
0 0.54734142 0.35077247 0.00513060 0.00842697
0 0.74242071 0.35200140 0.00536381 0.00667135
0 0.67980410 0.35533708 0.00373134 0.00561798
0 0.48122668 0.39448736 0.00349813 0.00596910
0 0.35902519 0.41063904 0.00769590 0.00737360
0 0.39692164 0.42187500 0.00513060 0.00667135
0 0.35914179 0.42503511 0.00606343 0.00737360
0 0.42269123 0.43767556 0.00629664 0.00877809
0 0.46350280 0.46365871 0.00396455 0.00596910
0 0.62500000 0.46330758 0.00419776 0.00526685
0 0.34305037 0.48700843 0.00373134 0.00351124
0 0.37896455 0.48981742 0.00279851 0.00421348
0 0.64109142 0.51457163 0.00279851 0.00526685
0 0.59375000 0.51527388 0.00466418 0.00456461
0 0.68586754 0.52791433 0.00326493 0.00456461
0 0.31145056 0.53546348 0.00303172 0.00632022
0 0.68376866 0.53546348 0.00419776 0.00561798
0 0.37033582 0.54757725 0.00326493 0.00877809
0 0.31063433 0.55424860 0.00279851 0.00526685
0 0.64295709 0.56530899 0.00419776 0.00632022
0 0.66592817 0.56706461 0.00629664 0.00983146
0 0.67339086 0.56513343 0.00443097 0.00456461
0 0.39867071 0.59287219 0.00489739 0.00667135
0 0.57276119 0.59954354 0.00419776 0.00737360
0 0.60261194 0.60867275 0.00279851 0.00456461
0 0.63129664 0.61867978 0.00513060 0.01053371
0 0.35039646 0.63465590 0.00116604 0.00175562
0 0.66277985 0.64501404 0.00139925 0.00280899
0 0.35599347 0.66186798 0.00303172 0.00491573
0 0.30911847 0.72173455 0.00536381 0.00596910
0 0.31098414 0.73542837 0.00489739 0.00596910
0 0.33395522 0.73560393 0.00419776 0.00561798
0 0.71723414 0.73700843 0.00209888 0.00421348
0 0.33570429 0.75333567 0.00676306 0.00807584
0 0.32252799 0.76000702 0.00466418 0.00877809
0 0.70977146 0.76983848 0.00443097 0.00596910
0 0.32392724 0.78581461 0.00419776 0.00561798
0 0.24988340 0.79090590 0.00583022 0.00948034
0 0.65799907 0.79037921 0.00256530 0.00491573
0 0.74661847 0.81460674 0.00536381 0.00632022
0 0.25396455 0.81846910 0.00326493 0.00421348
0 0.72772854 0.82759831 0.00163246 0.00351124
0 0.63001399 0.82917837 0.00303172 0.00456461
0 0.61438899 0.90203652 0.00489739 0.00772472
0 0.72982743 0.90273876 0.00303172 0.00561798
0 0.55457090 0.91660815 0.00419776 0.00667135
0 0.55107276 0.94030899 0.00699627 0.00561798
1 0.46163713 0.04441713 0.01189366 0.01720506
1 0.66009795 0.08620084 0.02075560 0.03476124
1 0.68108675 0.10814607 0.00629664 0.01264045
1 0.15893190 0.16467697 0.00862873 0.01264045
1 0.73705690 0.26650281 0.01749067 0.03651685
1 0.60016325 0.26597612 0.00303172 0.00807584
1 0.71816698 0.32672051 0.00722948 0.01158708
1 0.79337687 0.36780197 0.01865672 0.03054775
1 0.41814366 0.38728933 0.01865672 0.02387640
1 0.36788713 0.40133427 0.01375933 0.01544944
1 0.79944030 0.40888343 0.01865672 0.02492978
1 0.69204757 0.40888343 0.00583022 0.01158708
1 0.77285448 0.47928371 0.03031716 0.04213483
1 0.74032183 0.48086376 0.01375933 0.02422753
1 0.36765392 0.50684691 0.00536381 0.00807584
1 0.64330690 0.50948034 0.00583022 0.00491573
1 0.65928172 0.53458567 0.01912313 0.02773876
1 0.58220616 0.53230337 0.00862873 0.00842697
1 0.57672575 0.54073034 0.00979478 0.00842697
1 0.73845616 0.74420646 0.01655784 0.03054775
1 0.69787780 0.83233848 0.00676306 0.00737360
1 0.68784981 0.84357444 0.01422575 0.01790730
1 0.71082090 0.85814607 0.02611940 0.03792135
1 0.74591884 0.89185393 0.01189366 0.01264045
2 0.18691698 0.09058989 0.00443097 0.00632022
2 0.41639459 0.12324438 0.00722948 0.00983146
2 0.73647388 0.17240169 0.00466418 0.00632022
2 0.74277052 0.17766854 0.00326493 0.00632022
2 0.46770056 0.17924860 0.00303172 0.00667135
2 0.45953825 0.18275983 0.00256530 0.00456461
2 0.43831623 0.19627809 0.00862873 0.01123596
2 0.46828358 0.19452247 0.00466418 0.00702247
2 0.45044310 0.19803371 0.00536381 0.01053371
2 0.42840485 0.20207163 0.00699627 0.00667135
2 0.58313899 0.21084972 0.00443097 0.00667135
2 0.46291978 0.21734551 0.00792910 0.01193820
2 0.57742537 0.21699438 0.00373134 0.00772472
2 0.59596549 0.21629213 0.00396455 0.00632022
2 0.47248134 0.22120787 0.00279851 0.00491573
2 0.57112873 0.22787921 0.00466418 0.00983146
2 0.44986007 0.22735253 0.00326493 0.00526685
2 0.60412780 0.23103933 0.00489739 0.00772472
2 0.46163713 0.23156601 0.00256530 0.00596910
2 0.41277985 0.23858848 0.01399254 0.01720506
2 0.46478545 0.23613062 0.00326493 0.00596910
2 0.47189832 0.23929073 0.00396455 0.00807584
2 0.56763060 0.24631320 0.01772388 0.01860955
2 0.45895522 0.24174860 0.00233209 0.00667135
2 0.38106343 0.24367978 0.00932836 0.00983146
2 0.45534049 0.24420646 0.00256530 0.00667135
2 0.45102612 0.24543539 0.00466418 0.00632022
2 0.61427239 0.24719101 0.00373134 0.00842697
2 0.44076493 0.24578652 0.00233209 0.00351124
2 0.43225280 0.25070225 0.00443097 0.00983146
2 0.42117537 0.25175562 0.00419776 0.00702247
2 0.36870336 0.25228230 0.00373134 0.00737360
2 0.38852612 0.25965590 0.01305970 0.02071629
2 0.36205690 0.25596910 0.00676306 0.01193820
2 0.60062966 0.25474017 0.00536381 0.00807584
2 0.45534049 0.26878511 0.01236007 0.03405899
2 0.41674440 0.25684691 0.00186567 0.00526685
2 0.55247201 0.26000702 0.00652985 0.00596910
2 0.58255597 0.26825843 0.02052239 0.01966292
2 0.46396922 0.26790730 0.00303172 0.00421348
2 0.61380597 0.27387640 0.01026119 0.01264045
2 0.63514459 0.27580758 0.01189366 0.01439607
2 0.43423507 0.27317416 0.00326493 0.00491573
2 0.45673974 0.27352528 0.00256530 0.00421348
2 0.37500000 0.27879213 0.00373134 0.00983146
2 0.59526586 0.28265449 0.01189366 0.01193820
2 0.54640858 0.28669242 0.00652985 0.01439607
2 0.61940299 0.28511236 0.00839552 0.01053371
2 0.60704291 0.28405899 0.00279851 0.00632022
2 0.55911847 0.30126404 0.01749067 0.03721910
2 0.35494403 0.28686798 0.00466418 0.00632022
2 0.57404384 0.28809691 0.00816231 0.00877809
2 0.45219216 0.29143258 0.00233209 0.00632022
2 0.38934235 0.29371489 0.00256530 0.00386236
2 0.54069496 0.29740169 0.00583022 0.00983146
2 0.37558302 0.29898174 0.00303172 0.00526685
2 0.35844216 0.30179073 0.00373134 0.00526685
2 0.44263060 0.30740871 0.00233209 0.00386236
2 0.34958022 0.31495787 0.00932836 0.01544944
2 0.54850746 0.31337781 0.00513060 0.01018258
2 0.51760728 0.31530899 0.00676306 0.01193820
2 0.38106343 0.32004916 0.00559701 0.02071629
2 0.67700560 0.31267556 0.00419776 0.00386236
2 0.39354011 0.31952247 0.00909515 0.01615169
2 0.49953358 0.31759129 0.00373134 0.01088483
2 0.58150653 0.32461376 0.01469216 0.02563202
2 0.53894590 0.31706461 0.00279851 0.00491573
2 0.60902519 0.31636236 0.00209888 0.00351124
2 0.49358675 0.32198034 0.00256530 0.00842697
2 0.68411847 0.32110253 0.00303172 0.00386236
2 0.61462220 0.32215590 0.00256530 0.00526685
2 0.48565765 0.33058287 0.01375933 0.02071629
2 0.51107743 0.32601826 0.00862873 0.01158708
2 0.56704757 0.32759831 0.00956157 0.01123596
2 0.49661847 0.32777388 0.00349813 0.01018258
2 0.59456623 0.33146067 0.01096082 0.01825843
2 0.60984142 0.32601826 0.00279851 0.00667135
2 0.53381530 0.32549157 0.00233209 0.00280899
2 0.51154384 0.33514747 0.00722948 0.01088483
2 0.52040578 0.34041433 0.00816231 0.02141854
2 0.61135728 0.33198736 0.00163246 0.00316011
2 0.53404851 0.33391854 0.00373134 0.00632022
2 0.54279384 0.33339185 0.00396455 0.00526685
2 0.50338153 0.33690309 0.00722948 0.01088483
2 0.47061567 0.34269663 0.01445896 0.01755618
2 0.55433769 0.34339888 0.00326493 0.01334270
2 0.55993470 0.34919242 0.01119403 0.02422753
2 0.57952425 0.34497893 0.00979478 0.01509831
2 0.53847948 0.34058989 0.00233209 0.00491573
2 0.48484142 0.34199438 0.00233209 0.00491573
2 0.56786381 0.34181882 0.00279851 0.00526685
2 0.62884795 0.34480337 0.00489739 0.00772472
2 0.48006063 0.35551264 0.00956157 0.02352528
2 0.50303172 0.34813904 0.00326493 0.00877809
2 0.51410914 0.35094803 0.00583022 0.01509831
2 0.60074627 0.37236657 0.03451493 0.05582865
2 0.54221082 0.35024579 0.00326493 0.00877809
2 0.50524720 0.35990169 0.01562500 0.02106742
2 0.57730877 0.35919944 0.00676306 0.01123596
2 0.51527519 0.37078652 0.01469216 0.02879213
2 0.63631063 0.35867275 0.00209888 0.00316011
2 0.37033582 0.36516854 0.00326493 0.00491573
2 0.64820429 0.36446629 0.00163246 0.00280899
2 0.61532183 0.37851124 0.01096082 0.02247191
2 0.63467817 0.36938202 0.00256530 0.00421348
2 0.48180970 0.37061096 0.00326493 0.00456461
2 0.48682369 0.37219101 0.00489739 0.00772472
2 0.49790112 0.37271770 0.00326493 0.00667135
2 0.52133862 0.37464888 0.00256530 0.00421348
2 0.57159515 0.37675562 0.00606343 0.00561798
2 0.62453358 0.37675562 0.00513060 0.00561798
2 0.63526119 0.38096910 0.01166045 0.01474719
2 0.46898321 0.38202247 0.00746269 0.01334270
2 0.66837687 0.37710674 0.00139925 0.00210674
2 0.56634795 0.37868680 0.00256530 0.00456461
2 0.64074160 0.37868680 0.00209888 0.00245787
2 0.48064366 0.37938904 0.00279851 0.00316011
2 0.52786847 0.38623596 0.01142724 0.01615169
2 0.65333489 0.38132022 0.00349813 0.00702247
2 0.54780784 0.39097612 0.00559701 0.02001404
2 0.64272388 0.38272472 0.00233209 0.00421348
2 0.76539179 0.38412921 0.00419776 0.00702247
2 0.53894590 0.39132725 0.00839552 0.01790730
2 0.62243470 0.38641152 0.00559701 0.00807584
2 0.48542444 0.39220506 0.01142724 0.01755618
2 0.55562034 0.38764045 0.00396455 0.00561798
2 0.39913713 0.39044944 0.00349813 0.00772472
2 0.37313433 0.38992275 0.00373134 0.00526685
2 0.63374534 0.38974719 0.00209888 0.00561798
2 0.47644590 0.38939607 0.00233209 0.00351124
2 0.57194496 0.38922051 0.00256530 0.00316011
2 0.65333489 0.38957163 0.00116604 0.00175562
2 0.50874534 0.39202949 0.00209888 0.00456461
2 0.47143190 0.39413624 0.00303172 0.00737360
2 0.50104944 0.39238062 0.00256530 0.00386236
2 0.51539179 0.39290730 0.00326493 0.00491573
2 0.51935634 0.39325843 0.00186567 0.00210674
2 0.61065765 0.39466292 0.00209888 0.00491573
2 0.62919776 0.39431180 0.00326493 0.00421348
2 0.56926306 0.40888343 0.01399254 0.02844101
2 0.65356810 0.40063202 0.00676306 0.01123596
2 0.64412313 0.39887640 0.00233209 0.00702247
2 0.49615205 0.39817416 0.00256530 0.00351124
2 0.47656250 0.39870084 0.00256530 0.00386236
2 0.53673041 0.40414326 0.00722948 0.00983146
2 0.62989739 0.40168539 0.00233209 0.00491573
2 0.67467351 0.40273876 0.00513060 0.00632022
2 0.51096082 0.40414326 0.00326493 0.00702247
2 0.64645522 0.40326545 0.00233209 0.00456461
2 0.54780784 0.40431882 0.00326493 0.00386236
2 0.47679571 0.41485253 0.01935634 0.02141854
2 0.49265392 0.40572331 0.00163246 0.00316011
2 0.52880131 0.40519663 0.00209888 0.00280899
2 0.63421175 0.40572331 0.00209888 0.00386236
2 0.51679104 0.40607444 0.00186567 0.00316011
2 0.52040578 0.41028792 0.00489739 0.01158708
2 0.59608209 0.40660112 0.00326493 0.00210674
2 0.55363806 0.40958567 0.00746269 0.00737360
2 0.49498601 0.40853230 0.00209888 0.00316011
2 0.65298507 0.41608146 0.01026119 0.01825843
2 0.52751866 0.41537921 0.00606343 0.01404494
2 0.58931903 0.41924157 0.02751866 0.02247191
2 0.60657649 0.41099017 0.00373134 0.00456461
2 0.63864272 0.41783708 0.00769590 0.01685393
2 0.64447295 0.41221910 0.00303172 0.00351124
2 0.54745802 0.41397472 0.00396455 0.00561798
2 0.62290112 0.42468399 0.01632463 0.02633427
2 0.66697761 0.43627107 0.01679104 0.04529494
2 0.49685168 0.41608146 0.00069963 0.00140449
2 0.50897854 0.41836376 0.00489739 0.00456461
2 0.64610541 0.41889045 0.00303172 0.00421348
2 0.49148787 0.42679073 0.01236007 0.01720506
2 0.56354944 0.42187500 0.00303172 0.00456461
2 0.51399254 0.42310393 0.00233209 0.00351124
2 0.53311567 0.42433287 0.00513060 0.00596910
2 0.69251399 0.42398174 0.00256530 0.00386236
2 0.55363806 0.42521067 0.00233209 0.00421348
2 0.52565299 0.42696629 0.00419776 0.00632022
2 0.64598881 0.42521067 0.00186567 0.00351124
2 0.54874067 0.42591292 0.00233209 0.00351124
2 0.70347481 0.42626404 0.00489739 0.00421348
2 0.51982276 0.42661517 0.00233209 0.00351124
2 0.68924907 0.42837079 0.00256530 0.00351124
2 0.60879198 0.43135534 0.00443097 0.00667135
2 0.53346549 0.43978230 0.01096082 0.02212079
2 0.50408116 0.43170646 0.00443097 0.00526685
2 0.51154384 0.43135534 0.00256530 0.00456461
2 0.65590019 0.43240871 0.00256530 0.00386236
2 0.36543843 0.43451545 0.00373134 0.00456461
2 0.55060634 0.44224017 0.01259328 0.02001404
2 0.60074627 0.43416433 0.00839552 0.00386236
2 0.64563899 0.44346910 0.01749067 0.02317416
2 0.65123601 0.43486657 0.00303172 0.00526685
2 0.69671175 0.44803371 0.02262127 0.02808989
2 0.42957090 0.43978230 0.00513060 0.00807584
2 0.65625000 0.43679775 0.00139925 0.00280899
2 0.39062500 0.44153792 0.00606343 0.01018258
2 0.46478545 0.44469803 0.00979478 0.01580056
2 0.56261660 0.44013343 0.00583022 0.00667135
2 0.68866604 0.43995787 0.00466418 0.00421348
2 0.52611940 0.44066011 0.00373134 0.00421348
2 0.59934701 0.44276685 0.01679104 0.00912921
2 0.49090485 0.44066011 0.00139925 0.00280899
2 0.62581623 0.44627809 0.01375933 0.01404494
2 0.61333955 0.44961376 0.01399254 0.01860955
2 0.38152985 0.44504916 0.00373134 0.00526685
2 0.58605410 0.44504916 0.00233209 0.00316011
2 0.48565765 0.44557584 0.00116604 0.00280899
2 0.56518190 0.45119382 0.01142724 0.01404494
2 0.64167444 0.46471208 0.02915112 0.03827247
2 0.48763993 0.44856039 0.00233209 0.00526685
2 0.65753265 0.44768258 0.00349813 0.00351124
2 0.49253731 0.45154494 0.00373134 0.00702247
2 0.54069496 0.45540730 0.00629664 0.01474719
2 0.60459422 0.45172051 0.00443097 0.00737360
2 0.39470616 0.45242275 0.00396455 0.00596910
2 0.47084888 0.45312500 0.00233209 0.00526685
2 0.55888526 0.45733848 0.00536381 0.01158708
2 0.67455690 0.45733848 0.00629664 0.01018258
2 0.40403451 0.46032303 0.00583022 0.01474719
2 0.68248601 0.45435393 0.00163246 0.00280899
2 0.55095616 0.45768961 0.00349813 0.00667135
2 0.48052705 0.45716292 0.00209888 0.00351124
2 0.48927239 0.45663624 0.00139925 0.00316011
2 0.54827425 0.45804073 0.00139925 0.00456461
2 0.56996269 0.45856742 0.00233209 0.00561798
2 0.52425373 0.45891854 0.00326493 0.00491573
2 0.70755597 0.45944522 0.00419776 0.00526685
2 0.49055504 0.46014747 0.00303172 0.00456461
2 0.39878731 0.46190309 0.00419776 0.00667135
2 0.47586287 0.46067416 0.00349813 0.00421348
2 0.39109142 0.46120084 0.00186567 0.00316011
2 0.39435634 0.46207865 0.00233209 0.00491573
2 0.61567164 0.46137640 0.00326493 0.00421348
2 0.44542910 0.48156601 0.01119403 0.03967697
2 0.56296642 0.46453652 0.00233209 0.00421348
2 0.47283116 0.46453652 0.00163246 0.00210674
2 0.50606343 0.46734551 0.00373134 0.00632022
2 0.52553638 0.46681882 0.00209888 0.00456461
2 0.49207090 0.47805478 0.01539179 0.02282303
2 0.70487407 0.47507022 0.00676306 0.01685393
2 0.40916511 0.47173455 0.00489739 0.00737360
2 0.69916045 0.47700140 0.00606343 0.01860955
2 0.55328825 0.47542135 0.00349813 0.01193820
2 0.47481343 0.47612360 0.00373134 0.00842697
2 0.52961754 0.48613062 0.01492537 0.02773876
2 0.51014459 0.47963483 0.01142724 0.01334270
2 0.68271922 0.47665028 0.00443097 0.00807584
2 0.43784981 0.47893258 0.00349813 0.00491573
2 0.67840485 0.47858146 0.00186567 0.00280899
2 0.54815765 0.48560393 0.00396455 0.00632022
2 0.68738340 0.48613062 0.00303172 0.00456461
2 0.51830690 0.49139747 0.00676306 0.00877809
2 0.69076493 0.49034410 0.00279851 0.00316011
2 0.69298041 0.49016854 0.00116604 0.00210674
2 0.66756063 0.49561096 0.00909515 0.00877809
2 0.40904851 0.49701545 0.00652985 0.01018258
2 0.69414646 0.49403090 0.00116604 0.00280899
2 0.51131063 0.49806882 0.00583022 0.00596910
2 0.51749067 0.49982444 0.00279851 0.00596910
2 0.69472948 0.49824438 0.00139925 0.00351124
2 0.65916511 0.50070225 0.00443097 0.00702247
2 0.69764459 0.50316011 0.00489739 0.00702247
2 0.52576959 0.50280899 0.00256530 0.00280899
2 0.50792910 0.50790028 0.00886194 0.00667135
2 0.50338153 0.51404494 0.00583022 0.00772472
2 0.47971082 0.51299157 0.00373134 0.00421348
2 0.48379198 0.53915028 0.02821828 0.05653090
2 0.45802239 0.51773174 0.00513060 0.00807584
2 0.43341884 0.51650281 0.00209888 0.00491573
2 0.51026119 0.52054073 0.00233209 0.00316011
2 0.51515858 0.53125000 0.00419776 0.00561798
2 0.44542910 0.53160112 0.00186567 0.00491573
2 0.50699627 0.53125000 0.00279851 0.00421348
2 0.44799440 0.53283006 0.00279851 0.00667135
2 0.50314832 0.53528792 0.00209888 0.00316011
2 0.51970616 0.53774579 0.00163246 0.00316011
2 0.44916045 0.53862360 0.00233209 0.00280899
2 0.50174907 0.54213483 0.00583022 0.00842697
2 0.44076493 0.54617275 0.00233209 0.00456461
2 0.51900653 0.54687500 0.00443097 0.00596910
2 0.72446362 0.54705056 0.00629664 0.00491573
2 0.46373601 0.55108848 0.00536381 0.00596910
2 0.50000000 0.55091292 0.00186567 0.00280899
2 0.58465485 0.55214185 0.00279851 0.00526685
2 0.45569030 0.55091292 0.00139925 0.00210674
2 0.60167910 0.55424860 0.00233209 0.00386236
2 0.50548041 0.55600421 0.00256530 0.00456461
2 0.51807369 0.55811096 0.00303172 0.00456461
2 0.71466884 0.56056882 0.00489739 0.00596910
2 0.50956157 0.56039326 0.00233209 0.00351124
2 0.70685634 0.56021770 0.00466418 0.00386236
2 0.53031716 0.56302669 0.00326493 0.00526685
2 0.51935634 0.56636236 0.00652985 0.00983146
2 0.72119869 0.56548455 0.00396455 0.00667135
2 0.70277519 0.57935393 0.00956157 0.02808989
2 0.71058769 0.56882022 0.00233209 0.00280899
2 0.47084888 0.57496489 0.01352612 0.01369382
2 0.58850280 0.57320927 0.00256530 0.00386236
2 0.75722948 0.57882725 0.00699627 0.01088483
2 0.45475746 0.58075843 0.00652985 0.01123596
2 0.44496269 0.57865169 0.00279851 0.00561798
2 0.71758396 0.58444522 0.00606343 0.01018258
2 0.51655784 0.58268961 0.00279851 0.00456461
2 0.68283582 0.58339185 0.00279851 0.00456461
2 0.46315299 0.58620084 0.00279851 0.00456461
2 0.53229944 0.58532303 0.00163246 0.00351124
2 0.55095616 0.58620084 0.00256530 0.00456461
2 0.54302705 0.58813202 0.00256530 0.00702247
2 0.74591884 0.59076545 0.01002799 0.01228933
2 0.51282649 0.58795646 0.00326493 0.00386236
2 0.73041045 0.59129213 0.00979478 0.01053371
2 0.52355410 0.58760534 0.00186567 0.00245787
2 0.73612407 0.58883427 0.00256530 0.00421348
2 0.53206623 0.58953652 0.00209888 0.00351124
2 0.46606810 0.59392556 0.00209888 0.00386236
2 0.63887593 0.59410112 0.00303172 0.00421348
2 0.67747201 0.61990871 0.05363806 0.05161517
2 0.66138060 0.60902388 0.01819030 0.02773876
2 0.75932836 0.59743680 0.00186567 0.00316011
2 0.52460354 0.59778792 0.00163246 0.00316011
2 0.51819030 0.60077247 0.00233209 0.00421348
2 0.53078358 0.60007022 0.00186567 0.00210674
2 0.71781716 0.61113062 0.00233209 0.00456461
2 0.72119869 0.61341292 0.00256530 0.00561798
2 0.61765392 0.64080056 0.04500933 0.05547753
2 0.64750466 0.61903090 0.00443097 0.00842697
2 0.72073228 0.62640449 0.00209888 0.00632022
2 0.59584888 0.64396067 0.01305970 0.02808989
2 0.52378731 0.65765449 0.02845149 0.05126404
2 0.64552239 0.63588483 0.00606343 0.00421348
2 0.54640858 0.63869382 0.00093284 0.00280899
2 0.73204291 0.63922051 0.00233209 0.00386236
2 0.55107276 0.63992275 0.00186567 0.00316011
2 0.58477146 0.64536517 0.00349813 0.00702247
2 0.68668377 0.64606742 0.00722948 0.00702247
2 0.54652519 0.64483848 0.00163246 0.00245787
2 0.64528918 0.65133427 0.00652985 0.01123596
2 0.67012593 0.64834972 0.00349813 0.00526685
2 0.65531716 0.65238764 0.00652985 0.01053371
2 0.54955690 0.65431882 0.00536381 0.01299157
2 0.58313899 0.65449438 0.01236007 0.00983146
2 0.53824627 0.65273876 0.00279851 0.00421348
2 0.69974347 0.65853230 0.01236007 0.01580056
2 0.67968750 0.65765449 0.01002799 0.01264045
2 0.55468750 0.65291433 0.00163246 0.00245787
2 0.59993004 0.65502107 0.00256530 0.00316011
2 0.62663246 0.66485253 0.01305970 0.02282303
2 0.57649254 0.65642556 0.00279851 0.00456461
2 0.56728078 0.66344803 0.00536381 0.01088483
2 0.72108209 0.66397472 0.00466418 0.00351124
2 0.65986474 0.66853933 0.00862873 0.00702247
2 0.69822761 0.66994382 0.00886194 0.00772472
2 0.71058769 0.67064607 0.00466418 0.00772472
2 0.50069963 0.67064607 0.00373134 0.00421348
2 0.68365205 0.68047753 0.01282649 0.02387640
2 0.64645522 0.67503511 0.00606343 0.01088483
2 0.71606810 0.67222612 0.00303172 0.00386236
2 0.66721082 0.67433287 0.00419776 0.00526685
2 0.70429104 0.67608848 0.00652985 0.00877809
2 0.72108209 0.67766854 0.00652985 0.01053371
2 0.49953358 0.67626404 0.00186567 0.00280899
2 0.69064832 0.68767556 0.01049440 0.02141854
2 0.52915112 0.68135534 0.00233209 0.00386236
2 0.71501866 0.68785112 0.00606343 0.01404494
2 0.66826026 0.68627107 0.00722948 0.00948034
2 0.47866138 0.68627107 0.00536381 0.00737360
2 0.56518190 0.68802669 0.00489739 0.00596910
2 0.48414179 0.69294242 0.00233209 0.00386236
2 0.73763993 0.69294242 0.00186567 0.00245787
2 0.48997201 0.69434691 0.00139925 0.00316011
2 0.51084422 0.69504916 0.00209888 0.00526685
2 0.67502332 0.70066713 0.01515858 0.01650281
2 0.72294776 0.69908708 0.00233209 0.00561798
2 0.49230410 0.69873596 0.00279851 0.00421348
2 0.73705690 0.69820927 0.00163246 0.00316011
2 0.70032649 0.70294944 0.01166045 0.01053371
2 0.66161381 0.70488062 0.00652985 0.01299157
2 0.71828358 0.70979635 0.01352612 0.02212079
2 0.47539646 0.70207163 0.00209888 0.00386236
2 0.73857276 0.71488764 0.00466418 0.00983146
2 0.58838619 0.75474017 0.00279851 0.00456461
2 0.57299440 0.75632022 0.00419776 0.00632022
2 0.57777519 0.75491573 0.00256530 0.00351124
2 0.56798041 0.76106039 0.00209888 0.00316011
2 0.56413246 0.76404494 0.00233209 0.00421348
2 0.63269590 0.76632725 0.00839552 0.00596910
2 0.56984608 0.76562500 0.00209888 0.00316011
2 0.58104011 0.76738062 0.00209888 0.00316011
2 0.65590019 0.77563202 0.00489739 0.00491573
2 0.63817631 0.78353230 0.01982276 0.01860955
2 0.59235075 0.78511236 0.00279851 0.00491573
2 0.72562966 0.78563904 0.00349813 0.00526685
2 0.54897388 0.79195927 0.00699627 0.00737360
2 0.63106343 0.79950843 0.01166045 0.01615169
2 0.73787313 0.79564607 0.00279851 0.00491573
2 0.71758396 0.79880618 0.00513060 0.00561798
2 0.55118937 0.80758427 0.02868470 0.02247191
2 0.49906716 0.80214185 0.00886194 0.00948034
2 0.66289646 0.80108848 0.00489739 0.00386236
2 0.59701493 0.80424860 0.00326493 0.00877809
2 0.57602612 0.80266854 0.00233209 0.00351124
2 0.53171642 0.81004213 0.01072761 0.01264045
2 0.56902985 0.81004213 0.00279851 0.00421348
2 0.58838619 0.81882022 0.00839552 0.01615169
2 0.73997201 0.81355337 0.00419776 0.00561798
2 0.70604011 0.81302669 0.00396455 0.00386236
2 0.57544310 0.81495787 0.00396455 0.00632022
2 0.67898787 0.81513343 0.00676306 0.00667135
2 0.25419776 0.81846910 0.00606343 0.00983146
2 0.57194496 0.81741573 0.00209888 0.00421348
2 0.51888993 0.83883427 0.02052239 0.04213483
2 0.50524720 0.82075140 0.00256530 0.00456461
2 0.52110541 0.82075140 0.00163246 0.00316011
2 0.53591418 0.82162921 0.00419776 0.00491573
2 0.61788713 0.82303371 0.00256530 0.00561798
2 0.53206623 0.82988062 0.00722948 0.01650281
2 0.54477612 0.82566713 0.00466418 0.00737360
2 0.66534515 0.82408708 0.00606343 0.00491573
2 0.73134328 0.82426264 0.00139925 0.00316011
2 0.54979011 0.82707163 0.00489739 0.00807584
2 0.55888526 0.82443820 0.00163246 0.00210674
2 0.70627332 0.82549157 0.00443097 0.00491573
2 0.72469683 0.82952949 0.00349813 0.00456461
2 0.65100280 0.83391854 0.01329291 0.01123596
2 0.54034515 0.83110955 0.00186567 0.00351124
2 0.56483209 0.83075843 0.00233209 0.00280899
2 0.59176772 0.83163624 0.00256530 0.00386236
2 0.57136194 0.83304073 0.00326493 0.00386236
2 0.58348881 0.83936096 0.00792910 0.01018258
2 0.54151119 0.83707865 0.00233209 0.00280899
2 0.45569030 0.84058989 0.00233209 0.00351124
2 0.49650187 0.84023876 0.00139925 0.00210674
2 0.60261194 0.85709270 0.01212687 0.03019663
2 0.58861940 0.85656601 0.01026119 0.02282303
2 0.65671642 0.84796348 0.00559701 0.00632022
2 0.36147388 0.85375702 0.00513060 0.00667135
2 0.51515858 0.87025983 0.01026119 0.02773876
2 0.49766791 0.86323736 0.01352612 0.01299157
2 0.67257463 0.86727528 0.00326493 0.00491573
2 0.53404851 0.87587781 0.01119403 0.01580056
2 0.58500466 0.87535112 0.00676306 0.01123596
2 0.59235075 0.87710674 0.00559701 0.01404494
2 0.56728078 0.88693820 0.00489739 0.00280899
2 0.67222481 0.88851826 0.00349813 0.00526685
2 0.59305037 0.88904494 0.00279851 0.00421348
2 0.66417910 0.89044944 0.00326493 0.00421348
2 0.58955224 0.89396067 0.00373134 0.00491573
2 0.52716884 0.89431180 0.00209888 0.00280899
2 0.52110541 0.90186096 0.00396455 0.01228933
2 0.68143657 0.89852528 0.01026119 0.00632022
2 0.59549907 0.90344101 0.00396455 0.00561798
2 0.67863806 0.90466994 0.00513060 0.00667135
2 0.58162313 0.90537219 0.00139925 0.00316011
2 0.52611940 0.90958567 0.00373134 0.00526685
2 0.69846082 0.91274579 0.00513060 0.00807584
2 0.51270989 0.91643258 0.00676306 0.01334270
2 0.56798041 0.91116573 0.00256530 0.00351124
2 0.54500933 0.91889045 0.00279851 0.00421348
2 0.52705224 0.91941713 0.00513060 0.00456461
2 0.53766325 0.92064607 0.00116604 0.00210674
2 0.54034515 0.92187500 0.00279851 0.00526685
2 0.56110075 0.92117275 0.00186567 0.00245787
2 0.53568097 0.92240169 0.00233209 0.00351124
2 0.53183302 0.92398174 0.00443097 0.00456461
2 0.54442631 0.92942416 0.00583022 0.01334270
2 0.53521455 0.93346208 0.01119403 0.01439607
2 0.51282649 0.93398876 0.00466418 0.00561798
2 0.58232276 0.93785112 0.00373134 0.00702247
2 0.55363806 0.96225421 0.00326493 0.00456461
2 0.55678638 0.96436096 0.00209888 0.00316011
2 0.55690299 0.98455056 0.00326493 0.00351124
