0 0.59013526 0.04547051 0.00349813 0.00526685
0 0.46513526 0.05775983 0.00303172 0.00456461
0 0.46280317 0.07742275 0.00489739 0.00737360
0 0.72353078 0.11551966 0.00489739 0.00772472
0 0.73041045 0.11815309 0.00606343 0.00807584
0 0.65531716 0.13290028 0.00466418 0.00737360
0 0.57229478 0.15765449 0.00326493 0.00561798
0 0.44391325 0.18697331 0.00583022 0.00948034
0 0.76854011 0.18521770 0.00396455 0.00596910
0 0.74825093 0.19294242 0.00303172 0.00386236
0 0.75291511 0.19891152 0.00209888 0.00386236
0 0.76387593 0.20962079 0.00536381 0.00842697
0 0.40963153 0.23174157 0.00816231 0.01053371
0 0.69542910 0.23735955 0.00513060 0.00842697
0 0.68575093 0.24473315 0.00583022 0.00912921
0 0.69636194 0.29547051 0.00373134 0.00526685
0 0.64272388 0.30916433 0.00606343 0.01088483
0 0.34025187 0.30793539 0.00373134 0.00632022
0 0.65310168 0.31882022 0.00676306 0.00983146
0 0.72271455 0.33479635 0.00559701 0.00807584
0 0.66499534 0.34111657 0.00583022 0.00807584
0 0.74661847 0.34234551 0.00583022 0.00912921
0 0.58826959 0.34375000 0.00583022 0.00772472
0 0.35541045 0.35867275 0.00279851 0.00386236
0 0.69099813 0.37166433 0.00513060 0.00948034
0 0.69986007 0.37131320 0.00419776 0.00667135
0 0.74195429 0.38658708 0.00816231 0.01123596
0 0.80480410 0.40572331 0.00466418 0.00737360
0 0.80760261 0.41573034 0.00652985 0.00912921
0 0.41965951 0.43100421 0.00536381 0.00737360
0 0.66651119 0.42995084 0.00373134 0.00596910
0 0.83430504 0.44926264 0.00489739 0.00667135
0 0.57532649 0.45909410 0.00326493 0.00526685
0 0.70172575 0.45944522 0.00373134 0.00526685
0 0.58208955 0.45979635 0.00279851 0.00386236
0 0.52285448 0.46839888 0.00233209 0.00351124
0 0.72469683 0.47296348 0.00489739 0.00772472
0 0.58687034 0.48349719 0.00629664 0.01053371
0 0.69659515 0.49315309 0.00326493 0.00456461
0 0.07392724 0.51193820 0.00559701 0.00983146
0 0.64377332 0.51439607 0.00489739 0.00842697
0 0.62593284 0.52299860 0.00326493 0.00526685
0 0.56611474 0.53177669 0.00489739 0.00737360
0 0.47597948 0.54353933 0.00419776 0.00632022
0 0.55841884 0.55021067 0.00349813 0.00632022
0 0.07416045 0.56302669 0.00419776 0.00737360
0 0.11310634 0.56337781 0.00326493 0.00526685
0 0.69018190 0.57830056 0.00489739 0.00702247
0 0.11637127 0.58672753 0.00699627 0.00772472
0 0.68831623 0.59743680 0.00536381 0.00877809
0 0.59106810 0.60709270 0.00349813 0.00561798
0 0.68866604 0.61200843 0.00466418 0.00702247
0 0.67583955 0.61516854 0.00419776 0.00632022
0 0.52227146 0.62148876 0.00349813 0.00632022
0 0.75921175 0.73455056 0.00349813 0.00561798
0 0.68878265 0.73472612 0.00303172 0.00456461
0 0.72772854 0.74104635 0.00629664 0.00948034
0 0.78766325 0.82075140 0.00443097 0.00877809
0 0.61345616 0.82707163 0.00536381 0.00877809
0 0.72516325 0.82970506 0.00536381 0.00772472
0 0.61170709 0.83971208 0.00373134 0.00596910
0 0.52728545 0.84392556 0.00466418 0.00737360
0 0.40426772 0.85814607 0.00816231 0.01123596
0 0.49370336 0.86148174 0.00326493 0.00526685
0 0.71466884 0.87324438 0.00629664 0.01123596
0 0.69437966 0.95891854 0.00676306 0.01053371
1 0.70988806 0.11657303 0.01632463 0.02176966
1 0.64109142 0.12728230 0.00886194 0.01299157
1 0.72551306 0.22752809 0.02052239 0.03792135
1 0.67513993 0.22507022 0.01539179 0.01615169
1 0.73554104 0.32356039 0.01166045 0.01369382
1 0.74965019 0.32198034 0.00909515 0.00842697
1 0.76096082 0.33075843 0.00513060 0.00912921
1 0.73589086 0.34550562 0.00676306 0.01334270
1 0.11951959 0.35112360 0.01329291 0.02036517
1 0.82684235 0.37078652 0.00862873 0.01685393
1 0.69787780 0.38764045 0.00862873 0.01474719
1 0.67385728 0.39940309 0.00816231 0.01931180
1 0.84258396 0.43363764 0.01539179 0.03721910
1 0.50151586 0.46049860 0.01002799 0.01018258
1 0.56798041 0.46506320 0.00629664 0.01228933
1 0.70324160 0.46892556 0.00816231 0.01299157
1 0.55527052 0.48560393 0.01259328 0.01123596
1 0.59025187 0.50017556 0.01305970 0.02422753
1 0.76574160 0.52440309 0.00722948 0.01790730
1 0.70907183 0.52896770 0.01189366 0.01790730
1 0.13887593 0.67205056 0.00909515 0.02247191
1 0.11986940 0.70242275 0.01119403 0.01931180
1 0.70697295 0.71365871 0.00676306 0.01931180
1 0.75338153 0.74666433 0.00583022 0.01720506
1 0.70510728 0.76948736 0.00862873 0.01790730
1 0.54279384 0.79301264 0.00816231 0.01580056
2 0.62278451 0.17398174 0.01282649 0.01509831
2 0.63257929 0.17327949 0.00256530 0.00667135
2 0.64015858 0.17679073 0.00886194 0.01018258
2 0.62593284 0.18363764 0.00652985 0.00983146
2 0.66277985 0.18346208 0.00559701 0.00948034
2 0.65590019 0.20014045 0.01282649 0.02387640
2 0.62278451 0.19452247 0.00396455 0.00561798
2 0.69099813 0.21049860 0.00419776 0.00807584
2 0.42269123 0.24297753 0.00583022 0.00632022
2 0.65380131 0.28546348 0.00536381 0.00912921
2 0.61998601 0.32145365 0.00209888 0.00316011
2 0.61660448 0.32391152 0.00186567 0.00245787
2 0.63747668 0.41432584 0.00303172 0.00491573
2 0.65263526 0.42942416 0.00722948 0.01544944
2 0.71909981 0.44504916 0.00489739 0.00667135
2 0.57824160 0.45136938 0.00489739 0.01018258
2 0.63957556 0.45663624 0.00443097 0.00667135
2 0.71303638 0.65870787 0.00629664 0.00702247
3 0.12616604 0.74490871 0.02938433 0.04669944
3 0.13782649 0.83567416 0.01492537 0.02317416
3 0.31844683 0.89343399 0.01982276 0.04529494
3 0.20604011 0.91695927 0.01469216 0.02773876
3 0.23006063 0.95751404 0.01842351 0.04213483
3 0.34829757 0.98051264 0.02215485 0.03195225
