0 0.69228078 0.06460674 0.00349813 0.00561798
0 0.49825093 0.07268258 0.00303172 0.00421348
0 0.63292910 0.09989466 0.00326493 0.00456461
0 0.41756063 0.10270365 0.00256530 0.00386236
0 0.63561101 0.10867275 0.00209888 0.00316011
0 0.66954291 0.11727528 0.00186567 0.00351124
0 0.66814366 0.14431180 0.00466418 0.00842697
0 0.43959888 0.15308989 0.00233209 0.00351124
0 0.45370802 0.20347612 0.00256530 0.00386236
0 0.27028918 0.21769663 0.00279851 0.00421348
0 0.74393657 0.22278792 0.00373134 0.00596910
0 0.38514459 0.22840590 0.00536381 0.00667135
0 0.15683302 0.24051966 0.00396455 0.00632022
0 0.14797108 0.24104635 0.00303172 0.00526685
0 0.27938433 0.26685393 0.00373134 0.00561798
0 0.57660914 0.30126404 0.00349813 0.00561798
0 0.55503731 0.30477528 0.00419776 0.00632022
0 0.77880131 0.31267556 0.00303172 0.00456461
0 0.64890392 0.31601124 0.00349813 0.00421348
0 0.22936101 0.31934691 0.00256530 0.00456461
0 0.65321828 0.32408708 0.00233209 0.00351124
0 0.66103078 0.32689607 0.00303172 0.00421348
0 0.66044776 0.33813202 0.00233209 0.00351124
0 0.10622668 0.34234551 0.00396455 0.00561798
0 0.73600746 0.34304775 0.00279851 0.00351124
0 0.66114739 0.36165730 0.00233209 0.00351124
0 0.60599347 0.37394663 0.00396455 0.00561798
0 0.60436101 0.38412921 0.00209888 0.00351124
0 0.70475746 0.39413624 0.00139925 0.00245787
0 0.38269590 0.40150983 0.00093284 0.00175562
0 0.80375466 0.41415028 0.00443097 0.00667135
0 0.54442631 0.47208567 0.00583022 0.00877809
0 0.57077892 0.47700140 0.00349813 0.00596910
0 0.31133396 0.48542837 0.00419776 0.00526685
0 0.30993470 0.50509129 0.00373134 0.00667135
0 0.57917444 0.50456461 0.00209888 0.00351124
0 0.62733209 0.51702949 0.00373134 0.00596910
0 0.56996269 0.51896067 0.00326493 0.00351124
0 0.58034049 0.52124298 0.00443097 0.00596910
0 0.72026586 0.53774579 0.00256530 0.00386236
0 0.47866138 0.54389045 0.00256530 0.00351124
0 0.30410448 0.58953652 0.00419776 0.00702247
0 0.66709422 0.58848315 0.00396455 0.00561798
0 0.75769590 0.59164326 0.00279851 0.00421348
0 0.69368004 0.60603933 0.00256530 0.00280899
0 0.33220616 0.61938202 0.00396455 0.00702247
0 0.42315765 0.62535112 0.00349813 0.00491573
0 0.70055970 0.63325140 0.00279851 0.00386236
0 0.48157649 0.65361657 0.00326493 0.00526685
0 0.54430970 0.65431882 0.00419776 0.00667135
0 0.45895522 0.67538624 0.00513060 0.00737360
0 0.41697761 0.67503511 0.00419776 0.00596910
0 0.27530317 0.67591292 0.00256530 0.00421348
0 0.30748601 0.68416433 0.00303172 0.00526685
0 0.40881530 0.69364466 0.00419776 0.00596910
0 0.32171175 0.70488062 0.00256530 0.00316011
0 0.45918843 0.70663624 0.00233209 0.00386236
0 0.27903451 0.74701545 0.00396455 0.00596910
0 0.50548041 0.76386938 0.00349813 0.00526685
0 0.11590485 0.76913624 0.00373134 0.00596910
0 0.51690765 0.79634831 0.00256530 0.00421348
0 0.60914179 0.88237360 0.00279851 0.00491573
0 0.26854011 0.91889045 0.00583022 0.00772472
1 0.56751399 0.03230337 0.00722948 0.00842697
1 0.68831623 0.03897472 0.01375933 0.01896067
1 0.55468750 0.03967697 0.00769590 0.01404494
1 0.69951026 0.04740169 0.00443097 0.00632022
1 0.66219683 0.09761236 0.01282649 0.02387640
1 0.67828825 0.12500000 0.02122201 0.03300562
1 0.64097481 0.13290028 0.02495336 0.03546348
1 0.46933302 0.12816011 0.01096082 0.00912921
1 0.45767257 0.13483146 0.00816231 0.01123596
1 0.70732276 0.14396067 0.01539179 0.02387640
1 0.41569496 0.13781601 0.00862873 0.01018258
1 0.39190765 0.14255618 0.01142724 0.01474719
1 0.69904384 0.14396067 0.00489739 0.01615169
1 0.35785914 0.15431882 0.02075560 0.03125000
1 0.40018657 0.16274579 0.00886194 0.01228933
1 0.39062500 0.17029494 0.00419776 0.00351124
1 0.15135261 0.22454354 0.01072761 0.01369382
1 0.17304104 0.24929775 0.00932836 0.01474719
1 0.60296175 0.29055478 0.01749067 0.03125000
1 0.45475746 0.28072331 0.00139925 0.00667135
1 0.45627332 0.29266152 0.01282649 0.01650281
1 0.39260728 0.34111657 0.00769590 0.01228933
1 0.74393657 0.34954354 0.00699627 0.00948034
1 0.65625000 0.35533708 0.00373134 0.00983146
1 0.61077425 0.35884831 0.00746269 0.01544944
1 0.10237873 0.35955056 0.00652985 0.00772472
1 0.73694030 0.35990169 0.00606343 0.00912921
1 0.74545243 0.36218399 0.00536381 0.01299157
1 0.61847015 0.36429073 0.00559701 0.00877809
1 0.65415112 0.36587079 0.00652985 0.01123596
1 0.74941698 0.38658708 0.03101679 0.04634831
1 0.47784515 0.41081461 0.00559701 0.00983146
1 0.26014459 0.41590590 0.00722948 0.00948034
1 0.67525653 0.42345506 0.00256530 0.00842697
1 0.78206623 0.43486657 0.00862873 0.01439607
1 0.35237873 0.43451545 0.00979478 0.00807584
1 0.45184235 0.45014045 0.01702425 0.02668539
1 0.52681903 0.45154494 0.00513060 0.01755618
1 0.57311101 0.45751404 0.00816231 0.01123596
1 0.60237873 0.50000000 0.01399254 0.01544944
1 0.53218284 0.50175562 0.00699627 0.01615169
1 0.57660914 0.50052669 0.00256530 0.00737360
1 0.35599347 0.50544242 0.00816231 0.01158708
1 0.61473881 0.50456461 0.00466418 0.00912921
1 0.54734142 0.50983146 0.00559701 0.00842697
1 0.56937966 0.52633427 0.00349813 0.00561798
1 0.55643657 0.54318820 0.00419776 0.00842697
1 0.66499534 0.56548455 0.05200560 0.03757022
1 0.29570896 0.57338483 0.00839552 0.00702247
1 0.55118937 0.59691011 0.00676306 0.01755618
1 0.32194496 0.60182584 0.01515858 0.02176966
1 0.54337687 0.60568820 0.00606343 0.01825843
1 0.67350746 0.60551264 0.00839552 0.01228933
1 0.40555037 0.62061096 0.00559701 0.01018258
1 0.68131996 0.63904494 0.00443097 0.00912921
1 0.42817164 0.71664326 0.00559701 0.00912921
1 0.41417910 0.72226124 0.00979478 0.01474719
1 0.41289646 0.74490871 0.01142724 0.01228933
1 0.75781250 0.75754916 0.01329291 0.02703652
1 0.60167910 0.75772472 0.00839552 0.01615169
1 0.40683302 0.76386938 0.00396455 0.00807584
1 0.32241138 0.81969803 0.03288246 0.07198034
1 0.35342817 0.79968399 0.00536381 0.00877809
1 0.34549907 0.81355337 0.01329291 0.01474719
1 0.43388526 0.81741573 0.01002799 0.01264045
1 0.37954757 0.82250702 0.00722948 0.00526685
1 0.42304104 0.83602528 0.00373134 0.00491573
1 0.43423507 0.85077247 0.01865672 0.01474719
1 0.38502799 0.87851124 0.07695896 0.04705056
1 0.33418843 0.86481742 0.02192164 0.01334270
1 0.74416978 0.89782303 0.01912313 0.02457865
1 0.36415578 0.90905899 0.01515858 0.01825843
1 0.51714086 0.92626404 0.02775187 0.04353933
1 0.39575560 0.91906601 0.01772388 0.01650281
1 0.42339086 0.95330056 0.02681903 0.03792135
1 0.43901586 0.97559691 0.01655784 0.00737360
1 0.65006996 0.98771067 0.01236007 0.01053371
2 0.49883396 0.01544944 0.00979478 0.01053371
2 0.26690765 0.01878511 0.00583022 0.00807584
2 0.22364739 0.02229635 0.00373134 0.00456461
2 0.25244869 0.02510534 0.00909515 0.00667135
2 0.23215951 0.02545646 0.00303172 0.00526685
2 0.28101679 0.02598315 0.00606343 0.00702247
2 0.39330690 0.02668539 0.00769590 0.00491573
2 0.67875466 0.02703652 0.00256530 0.00491573
2 0.27460354 0.02984551 0.00256530 0.00421348
2 0.23215951 0.03721910 0.00209888 0.00280899
2 0.66721082 0.04055478 0.00326493 0.00456461
2 0.26958955 0.05091292 0.00186567 0.00210674
2 0.20720616 0.05811096 0.00303172 0.00316011
2 0.27868470 0.08128511 0.00932836 0.01228933
2 0.52075560 0.08110955 0.00373134 0.00632022
2 0.26445896 0.09375000 0.00326493 0.00702247
2 0.42059235 0.10059691 0.00443097 0.00667135
2 0.27996735 0.10024579 0.00349813 0.00456461
2 0.41044776 0.10112360 0.00699627 0.00561798
2 0.17187500 0.11411517 0.00419776 0.00491573
2 0.41674440 0.11481742 0.00233209 0.00421348
2 0.42024254 0.12061096 0.00792910 0.00667135
2 0.17525653 0.13764045 0.00256530 0.00561798
2 0.40974813 0.14343399 0.00233209 0.00316011
2 0.40088619 0.15028090 0.00792910 0.01053371
2 0.13747668 0.16783708 0.00303172 0.00491573
2 0.30037313 0.18135534 0.00652985 0.00948034
2 0.17723881 0.18117978 0.00559701 0.00491573
2 0.47936101 0.18205758 0.00443097 0.00596910
2 0.16779384 0.18486657 0.00256530 0.00386236
2 0.37709888 0.18820225 0.00513060 0.00561798
2 0.18073694 0.18890449 0.00466418 0.00561798
2 0.38351213 0.18785112 0.00209888 0.00280899
2 0.38631063 0.19662921 0.00396455 0.00632022
2 0.40555037 0.20207163 0.00979478 0.01228933
2 0.13491138 0.19873596 0.00303172 0.00421348
2 0.36916978 0.20277388 0.00746269 0.00807584
2 0.37581623 0.20646067 0.00489739 0.00842697
2 0.18388526 0.20646067 0.00349813 0.00421348
2 0.64097481 0.20856742 0.00256530 0.00421348
2 0.13152985 0.21120084 0.00373134 0.00526685
2 0.41196362 0.21927669 0.00583022 0.00948034
2 0.39354011 0.22015449 0.00303172 0.00491573
2 0.40380131 0.22419242 0.00629664 0.00948034
2 0.18959888 0.22735253 0.00606343 0.00667135
2 0.17280784 0.23209270 0.00326493 0.00491573
2 0.70627332 0.23367275 0.00349813 0.00526685
2 0.18085354 0.23525281 0.00862873 0.00702247
2 0.28031716 0.23823736 0.00886194 0.01088483
2 0.39680504 0.23560393 0.00256530 0.00351124
2 0.17630597 0.24525983 0.00792910 0.01018258
2 0.63339552 0.26281601 0.00373134 0.00456461
2 0.60680970 0.26369382 0.00466418 0.00351124
2 0.12068563 0.27089185 0.00536381 0.01650281
2 0.50256530 0.26825843 0.00559701 0.00772472
2 0.60331157 0.27071629 0.00279851 0.00421348
2 0.40088619 0.27247191 0.00139925 0.00632022
2 0.61823694 0.27440309 0.00419776 0.00596910
2 0.58838619 0.27791433 0.00466418 0.00737360
2 0.37861474 0.28757022 0.00256530 0.00421348
2 0.40555037 0.28792135 0.00279851 0.00421348
2 0.39773787 0.29108146 0.00303172 0.00421348
2 0.82719216 0.29494382 0.00652985 0.01053371
2 0.42455690 0.29371489 0.00209888 0.00596910
2 0.62500000 0.29775281 0.00559701 0.01123596
2 0.63677705 0.29424157 0.00209888 0.00351124
2 0.36648787 0.29705056 0.00256530 0.00772472
2 0.37674907 0.29810393 0.00722948 0.01053371
2 0.43575093 0.29599719 0.00209888 0.00491573
2 0.58138993 0.29617275 0.00373134 0.00526685
2 0.63106343 0.29705056 0.00186567 0.00351124
2 0.80200560 0.29915730 0.00513060 0.00842697
2 0.58488806 0.30108848 0.00233209 0.00526685
2 0.41569496 0.30424860 0.00862873 0.01018258
2 0.81389925 0.30108848 0.00373134 0.00316011
2 0.81763060 0.30073736 0.00186567 0.00245787
2 0.37103545 0.30582865 0.00419776 0.00632022
2 0.40135261 0.30530197 0.00326493 0.00456461
2 0.44986007 0.30793539 0.00373134 0.00491573
2 0.64085821 0.30828652 0.00233209 0.00280899
2 0.60237873 0.31302669 0.00839552 0.00877809
2 0.60995802 0.31162219 0.00629664 0.00667135
2 0.63794310 0.31337781 0.00256530 0.00316011
2 0.62266791 0.31530899 0.00419776 0.00421348
2 0.62838153 0.31548455 0.00163246 0.00386236
2 0.82544310 0.31846910 0.00349813 0.00772472
2 0.41511194 0.31882022 0.00233209 0.00421348
2 0.62954757 0.33058287 0.00769590 0.02563202
2 0.59340019 0.32338483 0.00256530 0.00842697
2 0.61403918 0.32443820 0.00466418 0.01123596
2 0.46700093 0.32882725 0.01142724 0.01720506
2 0.43225280 0.32320927 0.00209888 0.00386236
2 0.60307836 0.33426966 0.00932836 0.01966292
2 0.45079291 0.32830056 0.00233209 0.00561798
2 0.72423041 0.32742275 0.00303172 0.00386236
2 0.44647854 0.33567416 0.01049440 0.01404494
2 0.64365672 0.33374298 0.00326493 0.00807584
2 0.53498134 0.33567416 0.00233209 0.00421348
2 0.51690765 0.33953652 0.00396455 0.00632022
2 0.57707556 0.34304775 0.00396455 0.01123596
2 0.59258396 0.34568118 0.00979478 0.01158708
2 0.45732276 0.34462781 0.00233209 0.00456461
2 0.56693097 0.35024579 0.01026119 0.01439607
2 0.53334888 0.34884129 0.00373134 0.00596910
2 0.75652985 0.34919242 0.00326493 0.00456461
2 0.58162313 0.35270365 0.00559701 0.00948034
2 0.50804571 0.35077247 0.00163246 0.00280899
2 0.31529851 0.35358146 0.00419776 0.00632022
2 0.55107276 0.35445927 0.00186567 0.00667135
2 0.54757463 0.35516152 0.00186567 0.00667135
2 0.55946828 0.35849719 0.00513060 0.01264045
2 0.54232743 0.35516152 0.00209888 0.00456461
2 0.40461754 0.35990169 0.00559701 0.01193820
2 0.71606810 0.35814607 0.00583022 0.00702247
2 0.53125000 0.35955056 0.00419776 0.00772472
2 0.72178172 0.35990169 0.00419776 0.00772472
2 0.41277985 0.36095506 0.00373134 0.00772472
2 0.39109142 0.36709972 0.00886194 0.01580056
2 0.60156250 0.36235955 0.00303172 0.00632022
2 0.31868004 0.36165730 0.00116604 0.00210674
2 0.32311101 0.36516854 0.00349813 0.00912921
2 0.31459888 0.36341292 0.00186567 0.00421348
2 0.49183769 0.36587079 0.00559701 0.00983146
2 0.50676306 0.36429073 0.00186567 0.00316011
2 0.42129198 0.36604635 0.00396455 0.00596910
2 0.41266325 0.37236657 0.00816231 0.01088483
2 0.56809701 0.37780899 0.02658582 0.02176966
2 0.65403451 0.37166433 0.00209888 0.00386236
2 0.62791511 0.37517556 0.00583022 0.00877809
2 0.41919310 0.38483146 0.01002799 0.02528090
2 0.34783116 0.37482444 0.00256530 0.00386236
2 0.31354944 0.38307584 0.00909515 0.01685393
2 0.34165112 0.37710674 0.00373134 0.00561798
2 0.52052239 0.37745787 0.00326493 0.00561798
2 0.58348881 0.38483146 0.00373134 0.01334270
2 0.33185634 0.38500702 0.00419776 0.00667135
2 0.38619403 0.38395365 0.00279851 0.00386236
2 0.29209422 0.38658708 0.00256530 0.00421348
2 0.38304571 0.38904494 0.00536381 0.00912921
2 0.29932369 0.38834270 0.00583022 0.00561798
2 0.66464552 0.38886938 0.00279851 0.00526685
2 0.28428172 0.39044944 0.00326493 0.00491573
2 0.59316698 0.39343399 0.00816231 0.01158708
2 0.30678638 0.39413624 0.00303172 0.00386236
2 0.38736007 0.39729635 0.00559701 0.01088483
2 0.35016325 0.39694522 0.00396455 0.00667135
2 0.39703825 0.39747191 0.00163246 0.00280899
2 0.61881996 0.39922753 0.00256530 0.00632022
2 0.49638526 0.40080758 0.00396455 0.00596910
2 0.39435634 0.39975421 0.00139925 0.00316011
2 0.40718284 0.41221910 0.01679104 0.02668539
2 0.39680504 0.40308989 0.00163246 0.00421348
2 0.32894123 0.40905899 0.00676306 0.01123596
2 0.42000933 0.40941011 0.00513060 0.01264045
2 0.34375000 0.40589888 0.00233209 0.00351124
2 0.52856810 0.40712781 0.00489739 0.00596910
2 0.28801306 0.41151685 0.00652985 0.01193820
2 0.35599347 0.40853230 0.00209888 0.00316011
2 0.53229944 0.41169242 0.00256530 0.00877809
2 0.47119869 0.41608146 0.00349813 0.01123596
2 0.48519123 0.41520365 0.00209888 0.00737360
2 0.65823228 0.41450140 0.00209888 0.00316011
2 0.35867537 0.42327949 0.00699627 0.01650281
2 0.54221082 0.42872191 0.01632463 0.02528090
2 0.64237407 0.41924157 0.00209888 0.00491573
2 0.52926772 0.41924157 0.00209888 0.00421348
2 0.53369869 0.42134831 0.00256530 0.00702247
2 0.72014925 0.42398174 0.00699627 0.01158708
2 0.47388060 0.43135534 0.00792910 0.01580056
2 0.53113340 0.42907303 0.00303172 0.00983146
2 0.45335821 0.43188202 0.00419776 0.01193820
2 0.50384795 0.44504916 0.02448694 0.03827247
2 0.27996735 0.43275983 0.01236007 0.01299157
2 0.36613806 0.43012640 0.00419776 0.00491573
2 0.51026119 0.43381320 0.00792910 0.01158708
2 0.52355410 0.44188904 0.01072761 0.02071629
2 0.46525187 0.44311798 0.00792910 0.02106742
2 0.30340485 0.45154494 0.01585821 0.03511236
2 0.41989272 0.43943118 0.00769590 0.00877809
2 0.60680970 0.43697331 0.00233209 0.00386236
2 0.55410448 0.44610253 0.01399254 0.02141854
2 0.48332556 0.44153792 0.00722948 0.00877809
2 0.38479478 0.44961376 0.02005597 0.02422753
2 0.63386194 0.44487360 0.00419776 0.01404494
2 0.36812034 0.44469803 0.00349813 0.00877809
2 0.33640392 0.45294944 0.01236007 0.02387640
2 0.44053172 0.44785815 0.00746269 0.01369382
2 0.62080224 0.44417135 0.00326493 0.00561798
2 0.43201959 0.44733146 0.00349813 0.01053371
2 0.62569963 0.44627809 0.00279851 0.00702247
2 0.42304104 0.50403792 0.05597015 0.12183989
2 0.42047575 0.45277388 0.00326493 0.00667135
2 0.62966418 0.45417837 0.00419776 0.00596910
2 0.56413246 0.46032303 0.00839552 0.01404494
2 0.36812034 0.46067416 0.00769590 0.00772472
2 0.33057369 0.45979635 0.00256530 0.00316011
2 0.46210354 0.46172753 0.00349813 0.00632022
2 0.63152985 0.46594101 0.01166045 0.01404494
2 0.65123601 0.46681882 0.00956157 0.01228933
2 0.46770056 0.47103230 0.00489739 0.01580056
2 0.53684701 0.46506320 0.00139925 0.00386236
2 0.62021922 0.47823034 0.01189366 0.02879213
2 0.30562034 0.47823034 0.00536381 0.00912921
2 0.65566698 0.49315309 0.02308769 0.03616573
2 0.58337220 0.48735955 0.01329291 0.02387640
2 0.31716418 0.48349719 0.00559701 0.01404494
2 0.47201493 0.50193118 0.02285448 0.04178371
2 0.45324160 0.50965590 0.01655784 0.05512640
2 0.40555037 0.49122191 0.00466418 0.00842697
2 0.67292444 0.51035815 0.01002799 0.03967697
2 0.60692631 0.49490871 0.00443097 0.00667135
2 0.62080224 0.49982444 0.00373134 0.00667135
2 0.40869869 0.50280899 0.00629664 0.01123596
2 0.50618004 0.51316713 0.00536381 0.00948034
2 0.61765392 0.51351826 0.00303172 0.00737360
2 0.32999067 0.51667837 0.00279851 0.00596910
2 0.51096082 0.51808287 0.00186567 0.00948034
2 0.59888060 0.52826545 0.00932836 0.01439607
2 0.33313899 0.53247893 0.02308769 0.01720506
2 0.37511660 0.53037219 0.00303172 0.00526685
2 0.37989739 0.53634129 0.00513060 0.01720506
2 0.48460821 0.53195225 0.00186567 0.00561798
2 0.61357276 0.53458567 0.00466418 0.00948034
2 0.68656716 0.53353230 0.00373134 0.00737360
2 0.60576026 0.53318118 0.00349813 0.00526685
2 0.57579291 0.53686798 0.00419776 0.01193820
2 0.50361474 0.54459270 0.00396455 0.02457865
2 0.46840019 0.53581461 0.00256530 0.00421348
2 0.53743004 0.56390449 0.02541978 0.04985955
2 0.48822295 0.54073034 0.00163246 0.00280899
2 0.51655784 0.54898174 0.00513060 0.01580056
2 0.33861940 0.54669944 0.00699627 0.00842697
2 0.46571828 0.54792837 0.00279851 0.01088483
2 0.50396455 0.57636938 0.04897388 0.06636236
2 0.39132463 0.56460674 0.01679104 0.04002809
2 0.47049907 0.54740169 0.00256530 0.00561798
2 0.50851213 0.55231742 0.00583022 0.01615169
2 0.45837220 0.55688202 0.00862873 0.01193820
2 0.60727612 0.59076545 0.03404851 0.08040730
2 0.39808769 0.56127107 0.00606343 0.01369382
2 0.31226679 0.56267556 0.00513060 0.01088483
2 0.35062966 0.56267556 0.00256530 0.00386236
2 0.56494869 0.57215590 0.01375933 0.02352528
2 0.38304571 0.56530899 0.00536381 0.00632022
2 0.58896922 0.56917135 0.00349813 0.00561798
2 0.44636194 0.57408708 0.00279851 0.01053371
2 0.38152985 0.57601826 0.00279851 0.00596910
2 0.41009795 0.58093399 0.00396455 0.01228933
2 0.34608209 0.58146067 0.01259328 0.01264045
2 0.57719216 0.58672753 0.00373134 0.00772472
2 0.36707090 0.60375702 0.03777985 0.04037921
2 0.39295709 0.60094803 0.01585821 0.03195225
2 0.34118470 0.59357444 0.00513060 0.01369382
2 0.52576959 0.60200140 0.00816231 0.02352528
2 0.45242537 0.59638343 0.00186567 0.00456461
2 0.76923974 0.59778792 0.00489739 0.00667135
2 0.44799440 0.60007022 0.00326493 0.01053371
2 0.57194496 0.61358848 0.03941231 0.03546348
2 0.41312966 0.60165028 0.00349813 0.01018258
2 0.63736007 0.61148174 0.00932836 0.02282303
2 0.46350280 0.60410815 0.00303172 0.00596910
2 0.47364739 0.60814607 0.00792910 0.01404494
2 0.33325560 0.60990169 0.00373134 0.00772472
2 0.44892724 0.61271067 0.00279851 0.00632022
2 0.30352146 0.61358848 0.00209888 0.00596910
2 0.40939832 0.61657303 0.00209888 0.00421348
2 0.49463619 0.63834270 0.02611940 0.04705056
2 0.44321362 0.61955758 0.00349813 0.00316011
2 0.39633862 0.62780899 0.00209888 0.00912921
2 0.58418843 0.63061798 0.00373134 0.01474719
2 0.60739272 0.64132725 0.02448694 0.03195225
2 0.64493937 0.63992275 0.00256530 0.00386236
2 0.50396455 0.64167837 0.00186567 0.00316011
2 0.50816231 0.64782303 0.00559701 0.01544944
2 0.62266791 0.64694522 0.00466418 0.01228933
2 0.63572761 0.64747191 0.00279851 0.00421348
2 0.28964552 0.65150983 0.00373134 0.00596910
2 0.39820429 0.65923455 0.00349813 0.01018258
2 0.47364739 0.65765449 0.00373134 0.00702247
2 0.67840485 0.66590590 0.00979478 0.01790730
2 0.39377332 0.66046348 0.00163246 0.00632022
2 0.33115672 0.66555478 0.00233209 0.00596910
2 0.33722015 0.66836376 0.00233209 0.00667135
2 0.60902519 0.66836376 0.00349813 0.00526685
2 0.47796175 0.67169944 0.00349813 0.00772472
2 0.59526586 0.67573736 0.00489739 0.00807584
2 0.60237873 0.67872191 0.00792910 0.01264045
2 0.55935168 0.68100421 0.01469216 0.01580056
2 0.36847015 0.68012640 0.00326493 0.01334270
2 0.37978078 0.67837079 0.00303172 0.00842697
2 0.47936101 0.68223315 0.00349813 0.00842697
2 0.57824160 0.69540028 0.02122201 0.03546348
2 0.64657183 0.68170646 0.00256530 0.00386236
2 0.47096549 0.68486657 0.00256530 0.00596910
2 0.32555970 0.69382022 0.00233209 0.00702247
2 0.37091884 0.69680478 0.00443097 0.01088483
2 0.60459422 0.69575140 0.00256530 0.00737360
2 0.32334422 0.70101826 0.00303172 0.00456461
2 0.49078825 0.70874298 0.00256530 0.00667135
2 0.59526586 0.70839185 0.00349813 0.00526685
2 0.29967351 0.70944522 0.00279851 0.00386236
2 0.58337220 0.71032303 0.00303172 0.00632022
2 0.62360075 0.71225421 0.00652985 0.00737360
2 0.34806437 0.71348315 0.00256530 0.00561798
2 0.60704291 0.72208567 0.01166045 0.02071629
2 0.61555504 0.71558989 0.00443097 0.00842697
2 0.29046175 0.71716994 0.00489739 0.00596910
2 0.47516325 0.73139045 0.00536381 0.00772472
2 0.62126866 0.73542837 0.00466418 0.01088483
2 0.30340485 0.73367275 0.00373134 0.00596910
2 0.30247201 0.74367978 0.00279851 0.00351124
2 0.43680037 0.74701545 0.00466418 0.01088483
2 0.46280317 0.76457163 0.03381530 0.04248596
2 0.29617537 0.74771770 0.00419776 0.00667135
2 0.35809235 0.74789326 0.00349813 0.00561798
2 0.30900187 0.74859551 0.00233209 0.00351124
2 0.58069030 0.75351124 0.00279851 0.01264045
2 0.40298507 0.75702247 0.00419776 0.01123596
2 0.60261194 0.77492978 0.00979478 0.02387640
2 0.48833955 0.77756320 0.00559701 0.02563202
2 0.53917910 0.77686096 0.00699627 0.01369382
2 0.57252799 0.77299860 0.00279851 0.00667135
2 0.55771922 0.77598315 0.00443097 0.00912921
2 0.33418843 0.77387640 0.00606343 0.00421348
2 0.54874067 0.77721208 0.00466418 0.01018258
2 0.44099813 0.78581461 0.00932836 0.01264045
2 0.45813899 0.78335674 0.00256530 0.00702247
2 0.56611474 0.78388343 0.00256530 0.00596910
2 0.59468284 0.78423455 0.00233209 0.00456461
2 0.45405784 0.78669242 0.00326493 0.00667135
2 0.46303638 0.79073034 0.00396455 0.01474719
2 0.47458022 0.78950140 0.00326493 0.00667135
2 0.43236940 0.79336376 0.00513060 0.00877809
2 0.45149254 0.79178371 0.00186567 0.00561798
2 0.54710821 0.80407303 0.00699627 0.02738764
2 0.49813433 0.79424157 0.00233209 0.00702247
2 0.42782183 0.79441713 0.00209888 0.00456461
2 0.54081157 0.79915730 0.00699627 0.01053371
2 0.46152052 0.80495084 0.00279851 0.00737360
2 0.59095149 0.80512640 0.00326493 0.00702247
2 0.44822761 0.80793539 0.00699627 0.01123596
2 0.56005131 0.82198034 0.01795709 0.03581461
2 0.60086287 0.80933989 0.00349813 0.00912921
2 0.57952425 0.83462079 0.00466418 0.00912921
2 0.37908116 0.84901685 0.00396455 0.00632022
2 0.37278451 0.84778792 0.00163246 0.00245787
2 0.62593284 0.89799860 0.00606343 0.01369382
3 0.35074627 0.94417135 0.01399254 0.02598315
