0 0.43819963 0.09971910 0.00326493 0.00421348
0 0.36951959 0.10779494 0.00209888 0.00351124
0 0.34293377 0.11692416 0.00489739 0.00632022
0 0.33232276 0.12833567 0.00233209 0.00316011
0 0.32182836 0.13096910 0.00279851 0.00351124
0 0.40508396 0.13412921 0.00466418 0.00491573
0 0.35051306 0.13939607 0.00559701 0.00772472
0 0.31401586 0.19680478 0.00816231 0.01018258
0 0.49673507 0.22893258 0.00466418 0.00561798
0 0.43948228 0.24157303 0.00583022 0.00772472
0 0.48460821 0.24016854 0.00279851 0.00421348
0 0.33418843 0.24315309 0.00326493 0.00386236
0 0.48565765 0.24578652 0.00349813 0.00491573
0 0.48868937 0.25298455 0.00443097 0.00667135
0 0.33290578 0.25263343 0.00303172 0.00456461
0 0.43283582 0.25649579 0.00419776 0.00667135
0 0.49347015 0.25667135 0.00326493 0.00421348
0 0.43295243 0.26948736 0.00443097 0.00737360
0 0.36742071 0.31285112 0.00396455 0.00632022
0 0.36007463 0.33093399 0.00419776 0.00596910
0 0.35995802 0.43609551 0.00349813 0.00491573
0 0.40333489 0.47665028 0.00536381 0.00877809
0 0.12278451 0.47963483 0.00303172 0.00421348
0 0.25349813 0.50386236 0.00233209 0.00351124
0 0.57311101 0.51597612 0.00489739 0.00596910
0 0.48833955 0.52071629 0.00326493 0.00491573
0 0.15403451 0.53476124 0.00349813 0.00491573
0 0.27646922 0.53634129 0.00303172 0.00526685
0 0.24883396 0.54301264 0.00326493 0.00456461
0 0.27052239 0.54863062 0.00326493 0.00456461
0 0.24953358 0.55284410 0.00233209 0.00456461
0 0.30935168 0.61832865 0.00349813 0.00632022
0 0.19706157 0.63360253 0.00326493 0.00526685
0 0.19484608 0.63869382 0.00256530 0.00351124
0 0.30888526 0.68416433 0.00396455 0.00596910
0 0.32625933 0.68662219 0.00466418 0.00596910
0 0.21455224 0.72875702 0.00513060 0.00737360
0 0.30282183 0.76211376 0.00489739 0.00737360
0 0.29885728 0.81337781 0.00256530 0.00386236
0 0.21979944 0.81846910 0.00489739 0.00842697
0 0.37954757 0.83286517 0.00209888 0.00351124
0 0.45475746 0.84357444 0.00326493 0.00596910
0 0.46840019 0.86148174 0.00443097 0.00596910
1 0.44916045 0.12183989 0.03358209 0.01544944
1 0.39493937 0.48384831 0.01096082 0.02176966
1 0.20977146 0.50316011 0.00629664 0.00983146
1 0.85202892 0.52141854 0.01562500 0.03651685
1 0.16814366 0.52071629 0.01212687 0.01404494
1 0.22213153 0.58900983 0.00443097 0.00948034
1 0.46758396 0.68363764 0.05410448 0.04494382
1 0.76504198 0.86042837 0.04547575 0.07268258
1 0.18516791 0.86077949 0.02005597 0.02492978
1 0.30072295 0.97875702 0.01236007 0.00877809
2 0.44053172 0.05003511 0.00186567 0.00245787
2 0.45825560 0.05916433 0.00139925 0.00316011
2 0.43994869 0.15993680 0.00303172 0.00877809
2 0.45860541 0.15941011 0.00209888 0.00351124
2 0.44857743 0.17029494 0.00583022 0.01544944
2 0.45592351 0.16713483 0.00419776 0.00912921
2 0.46805037 0.16397472 0.00139925 0.00351124
2 0.46478545 0.16695927 0.00373134 0.00526685
2 0.43446828 0.17117275 0.00233209 0.00386236
2 0.43983209 0.17503511 0.00279851 0.00386236
2 0.44764459 0.18398876 0.00396455 0.00842697
2 0.46023787 0.18908006 0.00583022 0.00737360
2 0.43143657 0.19540028 0.00279851 0.00526685
2 0.44298041 0.19662921 0.00303172 0.00702247
2 0.44881063 0.20523174 0.00256530 0.00667135
2 0.44916045 0.21348315 0.00186567 0.00351124
2 0.49451959 0.29652388 0.00396455 0.00807584
2 0.45977146 0.34761236 0.00209888 0.00280899
2 0.47084888 0.35919944 0.00139925 0.00280899
2 0.44752799 0.36499298 0.00513060 0.00667135
2 0.46373601 0.36411517 0.00722948 0.00351124
2 0.46851679 0.37096208 0.00279851 0.00596910
2 0.30072295 0.53230337 0.00349813 0.00702247
2 0.29151119 0.53950140 0.00139925 0.00175562
2 0.31354944 0.54020365 0.00209888 0.00245787
2 0.28649720 0.54301264 0.00209888 0.00316011
2 0.28801306 0.54687500 0.00279851 0.00456461
2 0.28451493 0.55003511 0.00233209 0.00245787
2 0.32987407 0.59357444 0.00303172 0.00316011
2 0.32742537 0.60200140 0.00233209 0.00316011
2 0.32532649 0.61832865 0.00233209 0.00351124
2 0.33803638 0.63570927 0.00349813 0.00386236
2 0.31844683 0.63623596 0.00303172 0.00351124
2 0.30841884 0.67450843 0.00209888 0.00210674
2 0.30783582 0.67837079 0.00233209 0.00280899
2 0.16277985 0.68627107 0.00326493 0.00386236
2 0.31203358 0.71400983 0.00186567 0.00245787
2 0.31168377 0.72068118 0.00256530 0.00386236
2 0.31110075 0.72507022 0.00233209 0.00421348
2 0.31343284 0.72787921 0.00233209 0.00421348
2 0.31098414 0.72893258 0.00163246 0.00210674
2 0.30865205 0.73261938 0.00256530 0.00316011
2 0.30585354 0.73700843 0.00349813 0.00491573
