0 0.58395522 0.08479635 0.00373134 0.00526685
0 0.65053638 0.09287219 0.00722948 0.00948034
0 0.25151586 0.09181882 0.00396455 0.00596910
0 0.50618004 0.10024579 0.00349813 0.00526685
0 0.63526119 0.11095506 0.00233209 0.00351124
0 0.64703825 0.11850421 0.00256530 0.00386236
0 0.61089086 0.12622893 0.00349813 0.00526685
0 0.61392257 0.14150281 0.00349813 0.00561798
0 0.64342351 0.14624298 0.00466418 0.00667135
0 0.34538246 0.14694522 0.00373134 0.00526685
0 0.60482743 0.14641854 0.00349813 0.00491573
0 0.53276586 0.17749298 0.00536381 0.00807584
0 0.64167444 0.19417135 0.00349813 0.00491573
0 0.52390392 0.20488062 0.00536381 0.00667135
0 0.59923041 0.21383427 0.00349813 0.00561798
0 0.46350280 0.21752107 0.00349813 0.00526685
0 0.54710821 0.24034410 0.00839552 0.01228933
0 0.61182369 0.25403792 0.00583022 0.00948034
0 0.39365672 0.26351826 0.00419776 0.00596910
0 0.53241604 0.26720506 0.00559701 0.00702247
0 0.61030784 0.29073034 0.00466418 0.00702247
0 0.66324627 0.29705056 0.00279851 0.00421348
0 0.60972481 0.30372191 0.00256530 0.00421348
0 0.54862407 0.30758427 0.00536381 0.00912921
0 0.78498134 0.30653090 0.00513060 0.00632022
0 0.50944496 0.31355337 0.00396455 0.00632022
0 0.50338153 0.31724017 0.00536381 0.00737360
0 0.49370336 0.31688904 0.00279851 0.00456461
0 0.53556437 0.32057584 0.00396455 0.00632022
0 0.52600280 0.32689607 0.00349813 0.00491573
0 0.49720149 0.32777388 0.00326493 0.00456461
0 0.55258862 0.33110955 0.00303172 0.00491573
0 0.52098881 0.33865871 0.00466418 0.00667135
0 0.32311101 0.34497893 0.00536381 0.00877809
0 0.53777985 0.34989466 0.00373134 0.00526685
0 0.39598881 0.38500702 0.00419776 0.00737360
0 0.38187966 0.38746489 0.00583022 0.00948034
0 0.40205224 0.38886938 0.00373134 0.00456461
0 0.78777985 0.39431180 0.00513060 0.00632022
0 0.35027985 0.41555478 0.00652985 0.00948034
0 0.51352612 0.44610253 0.00606343 0.00877809
0 0.62768190 0.44785815 0.00209888 0.00386236
0 0.64097481 0.45382725 0.00256530 0.00386236
0 0.76982276 0.46611657 0.00326493 0.00596910
0 0.68621735 0.47471910 0.00443097 0.00632022
0 0.44554571 0.48665730 0.00536381 0.00772472
0 0.66382929 0.49508427 0.00396455 0.00561798
0 0.69717817 0.51474719 0.00349813 0.00561798
0 0.43913246 0.52036517 0.00513060 0.00772472
0 0.45324160 0.53195225 0.00629664 0.00983146
0 0.38514459 0.54073034 0.00396455 0.00561798
0 0.72189832 0.56302669 0.00443097 0.00807584
0 0.61648787 0.57145365 0.00303172 0.00456461
0 0.29057836 0.58286517 0.00373134 0.00561798
0 0.72749534 0.62271770 0.00629664 0.00948034
0 0.41989272 0.62991573 0.00536381 0.00772472
0 0.45510728 0.64273174 0.00443097 0.00737360
0 0.82077892 0.66344803 0.00769590 0.01158708
0 0.81424907 0.69136236 0.00583022 0.00772472
0 0.66103078 0.71014747 0.00536381 0.00807584
0 0.37476679 0.81495787 0.00373134 0.00491573
0 0.49848414 0.85042135 0.00489739 0.00772472
1 0.36310634 0.05670646 0.02052239 0.02773876
1 0.68131996 0.12183989 0.00676306 0.00983146
1 0.33663713 0.14536517 0.02168843 0.02036517
1 0.41417910 0.16924157 0.01119403 0.02106742
1 0.34176772 0.18556882 0.03521455 0.03686798
1 0.75757929 0.25193118 0.01935634 0.01860955
1 0.35097948 0.26070927 0.02751866 0.03476124
1 0.14983675 0.25965590 0.01282649 0.01088483
1 0.76620802 0.27317416 0.01282649 0.02808989
1 0.55048974 0.28247893 0.01749067 0.03546348
1 0.77716884 0.28283006 0.01655784 0.01860955
1 0.79675840 0.28318118 0.01142724 0.01369382
1 0.53556437 0.29108146 0.01282649 0.02528090
1 0.83302239 0.31337781 0.02611940 0.05161517
1 0.78801306 0.33163624 0.03358209 0.05442416
1 0.54500933 0.33023174 0.00699627 0.01439607
1 0.51061101 0.35621489 0.01422575 0.02282303
1 0.75676306 0.44715590 0.03638060 0.05231742
1 0.63689366 0.43574438 0.00932836 0.00983146
1 0.64843750 0.49754213 0.01562500 0.01896067
1 0.73833955 0.54178371 0.00513060 0.01755618
1 0.73379198 0.58497191 0.01142724 0.02457865
1 0.57474347 0.60797051 0.00676306 0.02563202
1 0.37511660 0.80424860 0.00956157 0.01088483
1 0.75443097 0.88219803 0.02565299 0.03476124
1 0.48355877 0.95909410 0.01888993 0.02563202
2 0.55865205 0.20101826 0.01329291 0.01158708
2 0.54197761 0.20768961 0.00419776 0.00456461
2 0.56180037 0.21207865 0.01259328 0.00912921
2 0.57007929 0.22787921 0.00209888 0.00351124
2 0.34235075 0.72612360 0.00606343 0.00772472
