0 0.56156716 0.04775281 0.00466418 0.00702247
0 0.51644123 0.08988764 0.00349813 0.00561798
0 0.42397388 0.09778792 0.00466418 0.00737360
0 0.62103545 0.10270365 0.00466418 0.00807584
0 0.26131063 0.12061096 0.00489739 0.00667135
0 0.32602612 0.14343399 0.00466418 0.00667135
0 0.68831623 0.21242978 0.00396455 0.00561798
0 0.32672575 0.21664326 0.00652985 0.00983146
0 0.27646922 0.24034410 0.00256530 0.00386236
0 0.23169310 0.25140449 0.00396455 0.00632022
0 0.62138526 0.26106039 0.00443097 0.00737360
0 0.42000933 0.27264747 0.00373134 0.00526685
0 0.19029851 0.27615871 0.00326493 0.00596910
0 0.42723881 0.27808989 0.00466418 0.00632022
0 0.13631063 0.27931882 0.00303172 0.00526685
0 0.39995336 0.29125702 0.00419776 0.00667135
0 0.27506996 0.29494382 0.00629664 0.01053371
0 0.26609142 0.30372191 0.00373134 0.00632022
0 0.38654384 0.30705758 0.00489739 0.00807584
0 0.39412313 0.30547753 0.00326493 0.00491573
0 0.27192164 0.30863764 0.00326493 0.00561798
0 0.30562034 0.30986657 0.00256530 0.00456461
0 0.42175840 0.31846910 0.00443097 0.00842697
0 0.41791045 0.32566713 0.00606343 0.00877809
0 0.73682369 0.32724719 0.00396455 0.00702247
0 0.37908116 0.33356742 0.00676306 0.00772472
0 0.42630597 0.33462079 0.00233209 0.00421348
0 0.37185168 0.34216994 0.00163246 0.00245787
0 0.36823694 0.34392556 0.00186567 0.00316011
0 0.37021922 0.34304775 0.00116604 0.00210674
0 0.36368937 0.34620787 0.00256530 0.00421348
0 0.37045243 0.35200140 0.00256530 0.00456461
0 0.47154851 0.35639045 0.00419776 0.00632022
0 0.41779384 0.35709270 0.00256530 0.00421348
0 0.51317631 0.36832865 0.00396455 0.00491573
0 0.11077425 0.39009831 0.00513060 0.00983146
0 0.16511194 0.39027388 0.00466418 0.00948034
0 0.68691698 0.39255618 0.00489739 0.00702247
0 0.10762593 0.40186096 0.00583022 0.00877809
0 0.24895056 0.40888343 0.00489739 0.00807584
0 0.23589086 0.41309691 0.00303172 0.00596910
0 0.56844683 0.43398876 0.00629664 0.01334270
0 0.21443563 0.44698034 0.00396455 0.00632022
0 0.14388993 0.44715590 0.00279851 0.00456461
0 0.23017724 0.46383427 0.00466418 0.00772472
0 0.37569963 0.46927669 0.00513060 0.00877809
0 0.54104478 0.47050562 0.00326493 0.00421348
0 0.21956623 0.47191011 0.00163246 0.00351124
0 0.25501399 0.47384129 0.00163246 0.00245787
0 0.25221549 0.47577247 0.00209888 0.00351124
0 0.21898321 0.48244382 0.00326493 0.00491573
0 0.80235541 0.48771067 0.00256530 0.00421348
0 0.53568097 0.49508427 0.00466418 0.00702247
0 0.80072295 0.49543539 0.00489739 0.00772472
0 0.14015858 0.52018961 0.00373134 0.00596910
0 0.21968284 0.52317416 0.00233209 0.00491573
0 0.50769590 0.53230337 0.00652985 0.00912921
0 0.23274254 0.54353933 0.00513060 0.00702247
0 0.30771922 0.54792837 0.00443097 0.00667135
0 0.18691698 0.54933287 0.00209888 0.00316011
0 0.31016791 0.55688202 0.00326493 0.00491573
0 0.14587220 0.56530899 0.00349813 0.00561798
0 0.76329291 0.57636938 0.00466418 0.00737360
0 0.76679104 0.58778090 0.00373134 0.00561798
0 0.80037313 0.61622191 0.00373134 0.00632022
0 0.80806903 0.62622893 0.00466418 0.00737360
0 0.79524254 0.62640449 0.00373134 0.00702247
0 0.82147854 0.62868680 0.00489739 0.00667135
0 0.31693097 0.63149579 0.00466418 0.00807584
0 0.27856810 0.63342697 0.00303172 0.00421348
0 0.29792444 0.63500702 0.00303172 0.00526685
0 0.24032183 0.63922051 0.00396455 0.00667135
0 0.29395989 0.64343399 0.00583022 0.00807584
0 0.23927239 0.65554775 0.00466418 0.00702247
0 0.24556903 0.65519663 0.00279851 0.00421348
0 0.16954291 0.65835674 0.00373134 0.00491573
0 0.12395056 0.66450140 0.00209888 0.00386236
0 0.35074627 0.66976826 0.00326493 0.00456461
0 0.13701026 0.68223315 0.00349813 0.00491573
0 0.42502332 0.68416433 0.00209888 0.00316011
0 0.42105877 0.68802669 0.00396455 0.00667135
0 0.14808769 0.71681882 0.00139925 0.00175562
0 0.15216884 0.72050562 0.00443097 0.00561798
0 0.81471549 0.72770365 0.00349813 0.00526685
0 0.15041978 0.73139045 0.00139925 0.00210674
0 0.16406250 0.73735955 0.00629664 0.01053371
0 0.27950093 0.73455056 0.00303172 0.00421348
0 0.25524720 0.73893961 0.00256530 0.00386236
0 0.74860075 0.75579354 0.00326493 0.00596910
0 0.30247201 0.76492275 0.00466418 0.00667135
0 0.38129664 0.77264747 0.00326493 0.00526685
0 0.23938899 0.80582865 0.00396455 0.00632022
0 0.42024254 0.80670646 0.00606343 0.00807584
0 0.28789646 0.82338483 0.00116604 0.00140449
0 0.22014925 0.84357444 0.00419776 0.00667135
0 0.75034981 0.85814607 0.00489739 0.00772472
0 0.24090485 0.85955056 0.00279851 0.00491573
0 0.32182836 0.87728230 0.00233209 0.00386236
0 0.29151119 0.87938904 0.00373134 0.00596910
0 0.28125000 0.88377809 0.00326493 0.00491573
0 0.35599347 0.88500702 0.00443097 0.00737360
0 0.29197761 0.88799157 0.00186567 0.00351124
0 0.42175840 0.89870084 0.00256530 0.00456461
0 0.56669776 0.95628511 0.00419776 0.00596910
1 0.46630131 0.02808989 0.03941231 0.05477528
1 0.33617071 0.07566713 0.00862873 0.01158708
1 0.32882463 0.10919944 0.00792910 0.01404494
1 0.19006530 0.11990871 0.00699627 0.01228933
1 0.27413713 0.18679775 0.00583022 0.01966292
1 0.62395056 0.21049860 0.00629664 0.01439607
1 0.42245802 0.28528792 0.00443097 0.00948034
1 0.41347948 0.29863062 0.01026119 0.01369382
1 0.42560634 0.29898174 0.00652985 0.01369382
1 0.39762127 0.30284410 0.00652985 0.01369382
1 0.66103078 0.30969101 0.00816231 0.02528090
1 0.37430037 0.31074438 0.02285448 0.01966292
1 0.41417910 0.31443118 0.00746269 0.01509831
1 0.40520056 0.31355337 0.00489739 0.00983146
1 0.43166978 0.32303371 0.00652985 0.00772472
1 0.42070896 0.34989466 0.00279851 0.00737360
1 0.38386194 0.35428371 0.00746269 0.01053371
1 0.44344683 0.37447331 0.00676306 0.01650281
1 0.22901119 0.38202247 0.01492537 0.03089888
1 0.27530317 0.40028090 0.00536381 0.01123596
1 0.23460821 0.40344101 0.00513060 0.01123596
1 0.24416978 0.42082163 0.00839552 0.01509831
1 0.22224813 0.42363062 0.01305970 0.01860955
1 0.19111474 0.44891152 0.00256530 0.00526685
1 0.42968750 0.49455758 0.00536381 0.01369382
1 0.78579757 0.51386938 0.01189366 0.02282303
1 0.22119869 0.51580056 0.00909515 0.01334270
1 0.23192631 0.52282303 0.00629664 0.00561798
1 0.25454757 0.59603230 0.02262127 0.05021067
1 0.74953358 0.57865169 0.00886194 0.01123596
1 0.81704757 0.61587079 0.00956157 0.00983146
1 0.81168377 0.63553371 0.00583022 0.01334270
1 0.75548041 0.63641152 0.00676306 0.00948034
1 0.81133396 0.65554775 0.01819030 0.01896067
1 0.13106343 0.66379916 0.00839552 0.01228933
1 0.54920709 0.66853933 0.01072761 0.01123596
1 0.13537780 0.69504916 0.00676306 0.01580056
1 0.13327892 0.74403090 0.00956157 0.01053371
1 0.71805037 0.78037219 0.00979478 0.01018258
1 0.71688433 0.80407303 0.01585821 0.02036517
1 0.21198694 0.82549157 0.00839552 0.01193820
1 0.20172575 0.84497893 0.00606343 0.01720506
1 0.36310634 0.84655899 0.00652985 0.01264045
1 0.39155784 0.86692416 0.00699627 0.01755618
1 0.22831157 0.86832865 0.00932836 0.01334270
1 0.38724347 0.88465590 0.00816231 0.01790730
2 0.44298041 0.01176264 0.01049440 0.01299157
2 0.52180504 0.04055478 0.00489739 0.01158708
2 0.44169776 0.04441713 0.00419776 0.00877809
2 0.45324160 0.06653792 0.00956157 0.01580056
2 0.48763993 0.06618680 0.00559701 0.01018258
2 0.46490205 0.07057584 0.00443097 0.00912921
2 0.44204757 0.07391152 0.00909515 0.01369382
2 0.47539646 0.07742275 0.00489739 0.00807584
2 0.49090485 0.07865169 0.00513060 0.00983146
2 0.45743937 0.08462079 0.00489739 0.00842697
2 0.47679571 0.09023876 0.00536381 0.00842697
2 0.49242071 0.09252107 0.00396455 0.00737360
2 0.37010261 0.17889747 0.00606343 0.02282303
2 0.39598881 0.17801966 0.00419776 0.01544944
2 0.41895989 0.18433989 0.00489739 0.01264045
2 0.42875466 0.19101124 0.00489739 0.00702247
2 0.33722015 0.19662921 0.00652985 0.01685393
2 0.41347948 0.19627809 0.00699627 0.01193820
2 0.36438899 0.21330758 0.03754664 0.03616573
2 0.30981810 0.21787219 0.01236007 0.02703652
2 0.33197295 0.20716292 0.00303172 0.00561798
2 0.38701026 0.20874298 0.00629664 0.00877809
2 0.44379664 0.20856742 0.00373134 0.00702247
2 0.43330224 0.22050562 0.00513060 0.00983146
2 0.29057836 0.23191713 0.01026119 0.02703652
2 0.30060634 0.23033708 0.00979478 0.02387640
2 0.39902052 0.22138343 0.00326493 0.00596910
2 0.34141791 0.22717697 0.00419776 0.00842697
2 0.30690299 0.23384831 0.00652985 0.01896067
2 0.41977612 0.22910815 0.00606343 0.00807584
2 0.42712220 0.22840590 0.00396455 0.00596910
2 0.38013060 0.23858848 0.01492537 0.02071629
2 0.31891325 0.23314607 0.00489739 0.00772472
2 0.36625466 0.23999298 0.00769590 0.01088483
2 0.40111940 0.23858848 0.00326493 0.00526685
2 0.28381530 0.24438202 0.00746269 0.01404494
2 0.40776586 0.24122191 0.00209888 0.00280899
2 0.39284049 0.24561096 0.00209888 0.00386236
2 0.40974813 0.24613764 0.00186567 0.00491573
2 0.42432369 0.24754213 0.00489739 0.00702247
2 0.30620336 0.24841994 0.00373134 0.00596910
2 0.32404384 0.24947331 0.00722948 0.00807584
2 0.40053638 0.24894663 0.00489739 0.00702247
2 0.30072295 0.24964888 0.00396455 0.00772472
2 0.43073694 0.25579354 0.01539179 0.01650281
2 0.39097481 0.25210674 0.00676306 0.00632022
2 0.31436567 0.25175562 0.00279851 0.00421348
2 0.37150187 0.25105337 0.00326493 0.00280899
2 0.37523321 0.25316011 0.00466418 0.00702247
2 0.41826026 0.25175562 0.00209888 0.00421348
2 0.38421175 0.25280899 0.00396455 0.00561798
2 0.29034515 0.26018258 0.00699627 0.00702247
2 0.34036847 0.25912921 0.00209888 0.00491573
2 0.39540578 0.25983146 0.00256530 0.00491573
2 0.37068563 0.26158708 0.00349813 0.00561798
2 0.33267257 0.26193820 0.00209888 0.00351124
2 0.36298974 0.26597612 0.00303172 0.00807584
2 0.37768190 0.26439607 0.00209888 0.00491573
2 0.43668377 0.26474719 0.00536381 0.00561798
2 0.30457090 0.26492275 0.00279851 0.00386236
2 0.29512593 0.28089888 0.02122201 0.03511236
2 0.44566231 0.27686096 0.01305970 0.02071629
2 0.45417444 0.27387640 0.00256530 0.00632022
2 0.37779851 0.27370084 0.00419776 0.00386236
2 0.32392724 0.27756320 0.00373134 0.00386236
2 0.45743937 0.28177669 0.00862873 0.01088483
2 0.36870336 0.28125000 0.00326493 0.00491573
2 0.31331623 0.28230337 0.00209888 0.00351124
2 0.35611007 0.28423455 0.00373134 0.00596910
2 0.43470149 0.28809691 0.00419776 0.00667135
2 0.36194030 0.28879916 0.00513060 0.00667135
2 0.31261660 0.30196629 0.01375933 0.03019663
2 0.33687034 0.29055478 0.00256530 0.00526685
2 0.32194496 0.29494382 0.00583022 0.01053371
2 0.29629198 0.29599719 0.00209888 0.00421348
2 0.29081157 0.29652388 0.00326493 0.00456461
2 0.29979011 0.30372191 0.00209888 0.00491573
2 0.32940765 0.30459972 0.00256530 0.00456461
2 0.30480410 0.30512640 0.00279851 0.00421348
2 0.44402985 0.30775983 0.00233209 0.00386236
2 0.28847948 0.31917135 0.02098881 0.02387640
2 0.47737873 0.31021770 0.00279851 0.00456461
2 0.30818563 0.31039326 0.00209888 0.00421348
2 0.32684235 0.31864466 0.01236007 0.01860955
2 0.44041511 0.31127107 0.00256530 0.00386236
2 0.31238340 0.31636236 0.00396455 0.00983146
2 0.28276586 0.31355337 0.00256530 0.00351124
2 0.30282183 0.31653792 0.00443097 0.00948034
2 0.46373601 0.31706461 0.00583022 0.00842697
2 0.31704757 0.31829354 0.00443097 0.00667135
2 0.34398321 0.31899579 0.00279851 0.00456461
2 0.36170709 0.32127809 0.00326493 0.00421348
2 0.30713619 0.32198034 0.00186567 0.00421348
2 0.35517724 0.32145365 0.00139925 0.00245787
2 0.35214552 0.32303371 0.00233209 0.00351124
2 0.26854011 0.32268258 0.00116604 0.00140449
2 0.30258862 0.32759831 0.00676306 0.00842697
2 0.32777519 0.32742275 0.00209888 0.00316011
2 0.35750933 0.32742275 0.00186567 0.00316011
2 0.25361474 0.32952949 0.00256530 0.00526685
2 0.33290578 0.32830056 0.00209888 0.00351124
2 0.34176772 0.32935393 0.00256530 0.00351124
2 0.30678638 0.33058287 0.00209888 0.00316011
2 0.31623134 0.33023174 0.00233209 0.00316011
2 0.44881063 0.33198736 0.00349813 0.00667135
2 0.25827892 0.33497191 0.00676306 0.01123596
2 0.29535914 0.33462079 0.00536381 0.00772472
2 0.36403918 0.33356742 0.00373134 0.00351124
2 0.32112873 0.33602528 0.00279851 0.00702247
2 0.30620336 0.33532303 0.00186567 0.00351124
2 0.30013993 0.33725421 0.00233209 0.00386236
2 0.27926772 0.35358146 0.01935634 0.03370787
2 0.28206623 0.34357444 0.00396455 0.00737360
2 0.31937966 0.34322331 0.00256530 0.00596910
2 0.40799907 0.34252107 0.00303172 0.00456461
2 0.29314366 0.34357444 0.00373134 0.00526685
2 0.32847481 0.34726124 0.00489739 0.01264045
2 0.44449627 0.34410112 0.00326493 0.00421348
2 0.31459888 0.34515449 0.00139925 0.00140449
2 0.21466884 0.35217697 0.00583022 0.01474719
2 0.29734142 0.34655899 0.00139925 0.00351124
2 0.22084888 0.35024579 0.00419776 0.00948034
2 0.33337220 0.34778792 0.00209888 0.00386236
2 0.23927239 0.35042135 0.00233209 0.00561798
2 0.44811101 0.35007022 0.00303172 0.00491573
2 0.29197761 0.35481039 0.00466418 0.01228933
2 0.26679104 0.35147472 0.00279851 0.00491573
2 0.30678638 0.35112360 0.00209888 0.00351124
2 0.43353545 0.35129916 0.00186567 0.00316011
2 0.28055037 0.35182584 0.00139925 0.00280899
2 0.31098414 0.35165028 0.00163246 0.00175562
2 0.33267257 0.35955056 0.00349813 0.01123596
2 0.31028451 0.35832163 0.00443097 0.00386236
2 0.45102612 0.36464185 0.00886194 0.01299157
2 0.35494403 0.36534410 0.00279851 0.01088483
2 0.34946362 0.36832865 0.00629664 0.01193820
2 0.31634795 0.36587079 0.00256530 0.00421348
2 0.30970149 0.36657303 0.00233209 0.00351124
2 0.32672575 0.37324438 0.00932836 0.01544944
2 0.30013993 0.36955758 0.00513060 0.00667135
2 0.29512593 0.36938202 0.00349813 0.00421348
2 0.35855877 0.37271770 0.00209888 0.00316011
2 0.28264925 0.37605337 0.00419776 0.00842697
2 0.30993470 0.37868680 0.00466418 0.01088483
2 0.31739739 0.37745787 0.00233209 0.00421348
2 0.25781250 0.38061798 0.00583022 0.00912921
2 0.21630131 0.37886236 0.00256530 0.00491573
2 0.44111474 0.37956461 0.00256530 0.00421348
2 0.29605877 0.38202247 0.00303172 0.00772472
2 0.21256996 0.38079354 0.00303172 0.00456461
2 0.32439366 0.38342697 0.00233209 0.00280899
2 0.37686567 0.38588483 0.00279851 0.00421348
2 0.25618004 0.38658708 0.00256530 0.00351124
2 0.36707090 0.38799157 0.00466418 0.00632022
2 0.37360075 0.39729635 0.00886194 0.02422753
2 0.33290578 0.38693820 0.00163246 0.00210674
2 0.30503731 0.39360955 0.00652985 0.01334270
2 0.31203358 0.38957163 0.00513060 0.00386236
2 0.36240672 0.39185393 0.00513060 0.00772472
2 0.20079291 0.39132725 0.00186567 0.00245787
2 0.25746269 0.39396067 0.00279851 0.00491573
2 0.38222948 0.39378511 0.00419776 0.00386236
2 0.38666045 0.39360955 0.00186567 0.00280899
2 0.29897388 0.39448736 0.00233209 0.00316011
2 0.36753731 0.39448736 0.00279851 0.00386236
2 0.39832090 0.39413624 0.00186567 0.00245787
2 0.40718284 0.39501404 0.00233209 0.00351124
2 0.42793843 0.40607444 0.01958955 0.02422753
2 0.32334422 0.41099017 0.01888993 0.03125000
2 0.19251399 0.40186096 0.00583022 0.01158708
2 0.36263993 0.40203652 0.00606343 0.01193820
2 0.39074160 0.40291433 0.00256530 0.00596910
2 0.42933769 0.40168539 0.00233209 0.00421348
2 0.36777052 0.40502107 0.00373134 0.00807584
2 0.41056437 0.40361657 0.00396455 0.00456461
2 0.26224347 0.40431882 0.00256530 0.00456461
2 0.39937034 0.40958567 0.00769590 0.01509831
2 0.30363806 0.40660112 0.00233209 0.00421348
2 0.34398321 0.40783006 0.00606343 0.00596910
2 0.37674907 0.41537921 0.00769590 0.01193820
2 0.40613340 0.41099017 0.00209888 0.00316011
2 0.35925840 0.41204354 0.00256530 0.00386236
2 0.34235075 0.41520365 0.00513060 0.00807584
2 0.36870336 0.41397472 0.00279851 0.00632022
2 0.44916045 0.41221910 0.00233209 0.00210674
2 0.30445429 0.41731039 0.00629664 0.01088483
2 0.38456157 0.41379916 0.00233209 0.00456461
2 0.40508396 0.41590590 0.00373134 0.00526685
2 0.35599347 0.41660815 0.00349813 0.00456461
2 0.34818097 0.41713483 0.00326493 0.00351124
2 0.45090951 0.42011938 0.00349813 0.00948034
2 0.45452425 0.41748596 0.00233209 0.00351124
2 0.42933769 0.42556180 0.00652985 0.01755618
2 0.29559235 0.41976826 0.00256530 0.00386236
2 0.36438899 0.41906601 0.00163246 0.00175562
2 0.41546175 0.42292837 0.00443097 0.00737360
2 0.35820896 0.44153792 0.02425373 0.04248596
2 0.42047575 0.42152388 0.00233209 0.00316011
2 0.40998134 0.42959972 0.01212687 0.01650281
2 0.33920243 0.42398174 0.00303172 0.00386236
2 0.34340019 0.42380618 0.00303172 0.00351124
2 0.20440765 0.42521067 0.00536381 0.00421348
2 0.39633862 0.42556180 0.00303172 0.00491573
2 0.28906250 0.42521067 0.00256530 0.00210674
2 0.37779851 0.42573736 0.00186567 0.00316011
2 0.42280784 0.42801966 0.00279851 0.00351124
2 0.29792444 0.43100421 0.00443097 0.00596910
2 0.32567631 0.43451545 0.00489739 0.01228933
2 0.34223414 0.43293539 0.00303172 0.00351124
2 0.36287313 0.43363764 0.00186567 0.00280899
2 0.29116138 0.43486657 0.00256530 0.00456461
2 0.45522388 0.44013343 0.00419776 0.01158708
2 0.37908116 0.43644663 0.00209888 0.00351124
2 0.26737407 0.44224017 0.00722948 0.01018258
2 0.41546175 0.44364466 0.00769590 0.01158708
2 0.39622201 0.44013343 0.00233209 0.00386236
2 0.39388993 0.44487360 0.00326493 0.00632022
2 0.29069496 0.44504916 0.00396455 0.00386236
2 0.39983675 0.44698034 0.00163246 0.00351124
2 0.37231810 0.44978933 0.00303172 0.00561798
2 0.34363340 0.45014045 0.00256530 0.00421348
2 0.39412313 0.45084270 0.00419776 0.00351124
2 0.38269590 0.47629916 0.00932836 0.01509831
2 0.25466418 0.48472612 0.00466418 0.00596910
2 0.37908116 0.48419944 0.00303172 0.00491573
2 0.37453358 0.48858848 0.00233209 0.00386236
2 0.36485541 0.49403090 0.00256530 0.00421348
2 0.47609608 0.52598315 0.00303172 0.00421348
2 0.46863340 0.52949438 0.00256530 0.00351124
2 0.31471549 0.53283006 0.00256530 0.00386236
2 0.31844683 0.53476124 0.00209888 0.00421348
2 0.32602612 0.53563904 0.00326493 0.00667135
2 0.47854478 0.53441011 0.00279851 0.00351124
2 0.26819030 0.53563904 0.00279851 0.00456461
2 0.27996735 0.54757725 0.02262127 0.02703652
2 0.45254198 0.53827247 0.00489739 0.00421348
2 0.47562966 0.53774579 0.00163246 0.00316011
2 0.32532649 0.54353933 0.00699627 0.00912921
2 0.46875000 0.54599719 0.00746269 0.01123596
2 0.46082090 0.54301264 0.00699627 0.00456461
2 0.32112873 0.54845506 0.00139925 0.00351124
2 0.32567631 0.55056180 0.00443097 0.00702247
2 0.32964086 0.54985955 0.00209888 0.00351124
2 0.30422108 0.55073736 0.00209888 0.00386236
2 0.26026119 0.55179073 0.00233209 0.00456461
2 0.28976213 0.55249298 0.00256530 0.00175562
2 0.26457556 0.55477528 0.00209888 0.00351124
2 0.28194963 0.55688202 0.00373134 0.00491573
2 0.29780784 0.55898876 0.00419776 0.00632022
2 0.29395989 0.55881320 0.00209888 0.00456461
2 0.34200093 0.55916433 0.00489739 0.00596910
2 0.33535448 0.55969101 0.00279851 0.00351124
2 0.26422575 0.55969101 0.00186567 0.00280899
2 0.33197295 0.56337781 0.00209888 0.00386236
2 0.33477146 0.56741573 0.00303172 0.00772472
2 0.37278451 0.57215590 0.00583022 0.01299157
2 0.29687500 0.56759129 0.00326493 0.00316011
2 0.35844216 0.58374298 0.01772388 0.03546348
2 0.33173974 0.56864466 0.00209888 0.00316011
2 0.34375000 0.57250702 0.00279851 0.00386236
2 0.33395522 0.58110955 0.01632463 0.01755618
2 0.23111007 0.57531601 0.00279851 0.00456461
2 0.34841418 0.57742275 0.00513060 0.00807584
2 0.28556437 0.58514747 0.00956157 0.01860955
2 0.37406716 0.59375000 0.01492537 0.03300562
2 0.28917910 0.58198736 0.00186567 0.00245787
2 0.27040578 0.58549860 0.00349813 0.00316011
2 0.33652052 0.59199438 0.01865672 0.01615169
2 0.27670243 0.58707865 0.00209888 0.00491573
2 0.29640858 0.58742978 0.00139925 0.00351124
2 0.32334422 0.58778090 0.00163246 0.00280899
2 0.28451493 0.59866573 0.00139925 0.00210674
2 0.39528918 0.60797051 0.00652985 0.01299157
2 0.19741138 0.61341292 0.00209888 0.00421348
2 0.37686567 0.62359551 0.01539179 0.02317416
2 0.32765858 0.62587781 0.00279851 0.00456461
2 0.34060168 0.62728230 0.00256530 0.00667135
2 0.34701493 0.62851124 0.00233209 0.00280899
2 0.26177705 0.63184691 0.00396455 0.00667135
2 0.72481343 0.64501404 0.00373134 0.00561798
2 0.36625466 0.64729635 0.00209888 0.00596910
2 0.35062966 0.64764747 0.00396455 0.00526685
2 0.20627332 0.65010534 0.00629664 0.00737360
2 0.38666045 0.64852528 0.00326493 0.00351124
2 0.73227612 0.64870084 0.00606343 0.00386236
2 0.35750933 0.65221208 0.00233209 0.00596910
2 0.19064832 0.65396770 0.00163246 0.00245787
2 0.18715019 0.65431882 0.00163246 0.00245787
2 0.34258396 0.65589888 0.00373134 0.00351124
2 0.18085354 0.65642556 0.00209888 0.00386236
2 0.34759795 0.65625000 0.00163246 0.00351124
2 0.35529384 0.65607444 0.00163246 0.00245787
2 0.38187966 0.65976124 0.00909515 0.00912921
2 0.17793843 0.65765449 0.00186567 0.00351124
2 0.18808302 0.66028792 0.00256530 0.00386236
2 0.35226213 0.66081461 0.00349813 0.00491573
2 0.21268657 0.66169242 0.00186567 0.00316011
2 0.17898787 0.66274579 0.00209888 0.00386236
2 0.18446828 0.66415028 0.00419776 0.00456461
2 0.37115205 0.66731039 0.00163246 0.00245787
2 0.21956623 0.66818820 0.00163246 0.00280899
2 0.39867071 0.66941713 0.00256530 0.00316011
2 0.18155317 0.67082163 0.00209888 0.00386236
2 0.19193097 0.67275281 0.00373134 0.00702247
2 0.39155784 0.67205056 0.00373134 0.00491573
2 0.21909981 0.67169944 0.00209888 0.00351124
2 0.36672108 0.67538624 0.00489739 0.00877809
2 0.20114272 0.67503511 0.00163246 0.00245787
2 0.22807836 0.67801966 0.00233209 0.00280899
2 0.21793377 0.68328652 0.00256530 0.00421348
2 0.40788246 0.69276685 0.00652985 0.01615169
2 0.23285914 0.68785112 0.00303172 0.00421348
2 0.22388060 0.73560393 0.06016791 0.09620787
2 0.21233675 0.69013343 0.00349813 0.00456461
2 0.22609608 0.69188904 0.00303172 0.00737360
2 0.39528918 0.69276685 0.00279851 0.00351124
2 0.22026586 0.69399579 0.00209888 0.00386236
2 0.18633396 0.69750702 0.00186567 0.00667135
2 0.21560168 0.69522472 0.00209888 0.00280899
2 0.26002799 0.69575140 0.00186567 0.00245787
2 0.40041978 0.69908708 0.00513060 0.00912921
2 0.78579757 0.70014045 0.00349813 0.00702247
2 0.23262593 0.70136938 0.00209888 0.00316011
2 0.41266325 0.70347612 0.00349813 0.00386236
2 0.24895056 0.70505618 0.00209888 0.00421348
2 0.29162780 0.70628511 0.00116604 0.00316011
2 0.24335354 0.70751404 0.00256530 0.00491573
2 0.28638060 0.70804073 0.00466418 0.00596910
2 0.18598414 0.70874298 0.00303172 0.00526685
2 0.24650187 0.71242978 0.00279851 0.00351124
2 0.25757929 0.71716994 0.00256530 0.00386236
2 0.80002332 0.72138343 0.00349813 0.00456461
2 0.36065765 0.72489466 0.00349813 0.00526685
2 0.42397388 0.73174157 0.01072761 0.01264045
2 0.35832556 0.73086376 0.00303172 0.00877809
2 0.36858675 0.73051264 0.00209888 0.00596910
2 0.24673507 0.73103933 0.00186567 0.00351124
2 0.25244869 0.73191713 0.00256530 0.00316011
2 0.36263993 0.73384831 0.00186567 0.00280899
2 0.40263526 0.75807584 0.01982276 0.04775281
2 0.24218750 0.73595506 0.00116604 0.00280899
2 0.24102146 0.74297753 0.00583022 0.00702247
2 0.42245802 0.74929775 0.00536381 0.01053371
2 0.80200560 0.75263343 0.00326493 0.00596910
2 0.78976213 0.75421348 0.00629664 0.00772472
2 0.24755131 0.75421348 0.00256530 0.00351124
2 0.24265392 0.75807584 0.00396455 0.00772472
2 0.80562034 0.75842697 0.00443097 0.00772472
2 0.22667910 0.76931180 0.01912313 0.02387640
2 0.26399254 0.76246489 0.00279851 0.00456461
2 0.80200560 0.77106742 0.00326493 0.00421348
2 0.26679104 0.77124298 0.00233209 0.00316011
2 0.27530317 0.77194522 0.00303172 0.00386236
2 0.25967817 0.77387640 0.00209888 0.00351124
2 0.27297108 0.77721208 0.00209888 0.00316011
2 0.25431437 0.78089888 0.00209888 0.00280899
2 0.27611940 0.78160112 0.00279851 0.00351124
2 0.22248134 0.78212781 0.00233209 0.00316011
2 0.33348881 0.78423455 0.00466418 0.00596910
2 0.23868937 0.78353230 0.00163246 0.00245787
2 0.29979011 0.78353230 0.00163246 0.00245787
2 0.22388060 0.78599017 0.00373134 0.00386236
2 0.24965019 0.78511236 0.00163246 0.00280899
2 0.25478078 0.78511236 0.00303172 0.00280899
2 0.26679104 0.78827247 0.00279851 0.00421348
2 0.39295709 0.79020365 0.00513060 0.00667135
2 0.32171175 0.79301264 0.00303172 0.01018258
2 0.26177705 0.79143258 0.00303172 0.00351124
2 0.26958955 0.79160815 0.00233209 0.00456461
2 0.25559701 0.79406601 0.00699627 0.00667135
2 0.30853545 0.79827949 0.00139925 0.00175562
2 0.37768190 0.79985955 0.00349813 0.00561798
2 0.26352612 0.80582865 0.01305970 0.01544944
2 0.27297108 0.80459972 0.00443097 0.00948034
2 0.28031716 0.80512640 0.00886194 0.00912921
2 0.30422108 0.80231742 0.00209888 0.00280899
2 0.30188899 0.80565309 0.00163246 0.00245787
2 0.30480410 0.80705758 0.00186567 0.00245787
2 0.28451493 0.81478230 0.00466418 0.00737360
2 0.28078358 0.81653792 0.00233209 0.00596910
2 0.33255597 0.81530899 0.00139925 0.00280899
2 0.26667444 0.82742275 0.00536381 0.01299157
2 0.27996735 0.83339185 0.01236007 0.02282303
2 0.29034515 0.82338483 0.00186567 0.00210674
2 0.29011194 0.82900281 0.00186567 0.00351124
2 0.33500466 0.82917837 0.00256530 0.00386236
2 0.29442631 0.83216292 0.00209888 0.00280899
2 0.40496735 0.83479635 0.00303172 0.00596910
2 0.29011194 0.83584972 0.00279851 0.00386236
2 0.31669776 0.83567416 0.00326493 0.00280899
2 0.33255597 0.83637640 0.00233209 0.00351124
2 0.32789179 0.84638343 0.02005597 0.02141854
2 0.27133862 0.83900983 0.00443097 0.00456461
2 0.29944030 0.83953652 0.00279851 0.00280899
2 0.31354944 0.85007022 0.01049440 0.01544944
2 0.34573228 0.84568118 0.00443097 0.00667135
2 0.34036847 0.84673455 0.00349813 0.00737360
2 0.28521455 0.84480337 0.00326493 0.00280899
2 0.27728545 0.84796348 0.00186567 0.00280899
2 0.29186101 0.85410815 0.00163246 0.00245787
2 0.29605877 0.85937500 0.01049440 0.01158708
2 0.43003731 0.86885534 0.00279851 0.00667135
2 0.40928172 0.90028090 0.00419776 0.00772472
2 0.42852146 0.90098315 0.00163246 0.00421348
2 0.43784981 0.90853230 0.00256530 0.00667135
2 0.43236940 0.91379916 0.00279851 0.00456461
