0 0.47516325 0.05161517 0.00349813 0.00491573
0 0.32299440 0.05547753 0.00279851 0.00491573
0 0.71863340 0.10551264 0.00443097 0.00667135
0 0.45440765 0.11938202 0.00256530 0.00351124
0 0.25804571 0.16889045 0.00443097 0.00702247
0 0.32719216 0.17503511 0.00606343 0.01018258
0 0.34771455 0.18925562 0.00279851 0.00491573
0 0.20137593 0.20681180 0.00256530 0.00421348
0 0.19158116 0.22735253 0.00256530 0.00386236
0 0.38246269 0.25263343 0.00373134 0.00596910
0 0.20510728 0.27194522 0.00349813 0.00526685
0 0.19904384 0.27721208 0.00443097 0.00667135
0 0.22597948 0.28370787 0.00606343 0.00912921
0 0.79081157 0.28792135 0.00373134 0.00561798
0 0.35062966 0.34919242 0.00536381 0.00807584
0 0.76830690 0.37587781 0.00303172 0.00456461
0 0.39400653 0.46084972 0.00349813 0.00526685
0 0.45930504 0.47278792 0.00443097 0.00667135
0 0.51236007 0.49666433 0.00513060 0.00807584
0 0.41033116 0.51193820 0.00676306 0.01053371
0 0.19939366 0.55547753 0.00559701 0.00842697
0 0.32975746 0.57707163 0.00652985 0.00948034
0 0.49451959 0.68785112 0.00443097 0.00632022
0 0.48565765 0.69083567 0.00489739 0.00737360
0 0.28743004 0.69487360 0.00209888 0.00280899
0 0.36753731 0.70540730 0.00466418 0.00983146
0 0.17420709 0.70628511 0.00186567 0.00316011
0 0.17513993 0.73139045 0.00186567 0.00351124
0 0.17012593 0.73384831 0.00349813 0.00491573
0 0.35156250 0.73999298 0.00256530 0.00386236
0 0.16312966 0.76580056 0.00209888 0.00421348
0 0.51842351 0.77703652 0.00559701 0.00842697
0 0.59421642 0.77528090 0.00279851 0.00421348
0 0.24323694 0.79827949 0.00233209 0.00386236
0 0.31786381 0.80337079 0.00746269 0.00983146
0 0.21431903 0.80600421 0.00326493 0.00596910
0 0.27040578 0.82988062 0.00536381 0.00877809
0 0.26236007 0.83005618 0.00233209 0.00351124
0 0.15916511 0.83690309 0.00536381 0.00667135
0 0.15998134 0.84392556 0.00326493 0.00456461
0 0.24790112 0.87552669 0.00419776 0.00526685
0 0.20475746 0.88377809 0.00559701 0.00772472
0 0.24696828 0.88588483 0.00419776 0.00632022
0 0.38957556 0.97875702 0.00629664 0.00948034
1 0.56075093 0.02475421 0.02495336 0.02844101
1 0.58733675 0.03967697 0.01515858 0.02457865
1 0.56821362 0.06021770 0.02355410 0.02071629
1 0.60785914 0.12956461 0.02821828 0.03581461
1 0.28334888 0.16169242 0.02565299 0.03897472
1 0.24195429 0.19680478 0.05806903 0.06636236
1 0.31483209 0.21155197 0.04337687 0.05582865
1 0.36485541 0.21348315 0.01236007 0.02106742
1 0.71455224 0.21594101 0.02425373 0.02528090
1 0.20487407 0.23542837 0.01562500 0.04037921
1 0.26492537 0.25228230 0.02332090 0.05231742
1 0.23379198 0.24438202 0.01842351 0.02808989
1 0.18236940 0.26422051 0.01166045 0.02492978
1 0.20510728 0.29547051 0.00816231 0.02352528
1 0.29734142 0.31214888 0.03638060 0.04353933
1 0.81774720 0.33900983 0.05247201 0.04459270
1 0.82171175 0.39922753 0.02821828 0.06530899
1 0.77133862 0.46664326 0.05946828 0.05758427
1 0.80643657 0.53686798 0.09654851 0.16011236
1 0.52553638 0.56091994 0.02961754 0.03054775
1 0.18353545 0.59673455 0.00606343 0.01650281
1 0.20079291 0.60937500 0.02332090 0.03967697
1 0.43516791 0.60990169 0.01912313 0.02176966
1 0.16231343 0.65642556 0.03684701 0.08883427
1 0.26888993 0.62658006 0.00979478 0.02071629
1 0.11054104 0.72366573 0.05876866 0.16783708
1 0.20382463 0.65502107 0.00792910 0.00877809
1 0.22621269 0.69715590 0.03824627 0.07759831
1 0.13782649 0.67082163 0.00886194 0.01931180
1 0.12010261 0.69048455 0.01259328 0.02422753
1 0.72912780 0.69224017 0.00536381 0.02352528
1 0.15158582 0.72647472 0.01212687 0.02176966
1 0.42327425 0.73999298 0.00746269 0.00948034
1 0.44566231 0.77580758 0.05550373 0.05793539
1 0.60739272 0.79722612 0.01982276 0.03054775
1 0.65403451 0.79863062 0.01609142 0.02352528
1 0.51842351 0.81969803 0.02518657 0.02563202
1 0.61812034 0.87622893 0.03381530 0.04108146
1 0.53882929 0.88500702 0.01702425 0.01790730
1 0.47259795 0.92169944 0.01189366 0.02036517
1 0.63304571 0.93346208 0.00909515 0.01299157
1 0.25139925 0.94171348 0.00419776 0.01264045
1 0.42653918 0.96278090 0.05736940 0.04985955
2 0.68027052 0.04898174 0.00606343 0.00737360
2 0.68073694 0.05793539 0.00513060 0.00842697
2 0.71991604 0.06127107 0.00839552 0.00807584
2 0.70347481 0.07549157 0.00536381 0.01474719
2 0.72982743 0.07917837 0.00583022 0.00877809
2 0.73029384 0.08865871 0.00443097 0.00386236
2 0.72469683 0.09497893 0.00956157 0.01018258
2 0.70569030 0.10533708 0.00559701 0.01053371
2 0.70592351 0.11832865 0.00652985 0.01404494
2 0.72283116 0.14308287 0.03334888 0.04669944
2 0.69589552 0.16748596 0.01352612 0.02387640
2 0.31133396 0.17608848 0.00233209 0.00386236
2 0.70883862 0.18802669 0.01562500 0.01580056
2 0.35284515 0.26966292 0.00326493 0.00772472
2 0.38164646 0.35955056 0.00443097 0.01615169
2 0.36065765 0.38044242 0.00303172 0.00456461
2 0.35074627 0.38465590 0.00233209 0.00737360
2 0.35121269 0.40344101 0.00233209 0.00561798
2 0.13782649 0.46383427 0.00233209 0.00561798
2 0.75000000 0.49982444 0.00932836 0.01439607
2 0.38141325 0.50228230 0.00256530 0.00667135
2 0.33710354 0.51474719 0.00209888 0.00632022
2 0.75816231 0.53230337 0.00932836 0.01334270
2 0.33418843 0.54494382 0.00419776 0.00772472
2 0.30200560 0.55284410 0.00326493 0.00526685
2 0.31681437 0.55389747 0.00349813 0.00596910
2 0.37919776 0.61253511 0.00279851 0.00596910
2 0.73763993 0.63079354 0.00699627 0.00596910
2 0.75233209 0.65291433 0.00373134 0.00667135
2 0.76166045 0.68346208 0.00559701 0.01509831
2 0.28125000 0.68205758 0.00279851 0.00737360
2 0.74988340 0.68188202 0.00163246 0.00280899
2 0.75058302 0.68837781 0.00303172 0.00386236
2 0.73169310 0.69153792 0.00256530 0.00667135
2 0.45242537 0.69820927 0.00326493 0.01158708
2 0.42688899 0.69820927 0.00209888 0.00316011
2 0.49673507 0.73033708 0.00373134 0.00561798
2 0.46770056 0.73455056 0.00443097 0.00561798
2 0.39295709 0.73595506 0.00233209 0.00491573
2 0.76002799 0.73753511 0.00279851 0.00456461
2 0.49848414 0.74245084 0.00489739 0.00877809
2 0.77541978 0.76738062 0.00466418 0.00667135
2 0.74801772 0.78072331 0.01189366 0.01580056
2 0.36380597 0.79213483 0.00886194 0.01193820
2 0.49801772 0.79371489 0.00349813 0.00596910
2 0.34211754 0.79722612 0.00279851 0.00386236
2 0.34200093 0.80846208 0.00489739 0.01158708
2 0.47702892 0.82724719 0.00396455 0.01474719
2 0.35436101 0.83110955 0.00303172 0.00421348
2 0.18376866 0.86955758 0.00652985 0.01018258
2 0.61042444 0.94891152 0.00116604 0.00175562
2 0.33908582 0.95628511 0.00419776 0.00737360
