0 0.41231343 0.13272472 0.00466418 0.00702247
0 0.34188433 0.14115169 0.00186567 0.00280899
0 0.39423974 0.14483848 0.00209888 0.00316011
0 0.31902985 0.27492978 0.00466418 0.00702247
0 0.24778451 0.52510534 0.00489739 0.00667135
0 0.23390858 0.59620787 0.00233209 0.00351124
0 0.32777519 0.60270365 0.00303172 0.00456461
0 0.23332556 0.60445927 0.00303172 0.00456461
0 0.58057369 0.65133427 0.00443097 0.00632022
0 0.11217351 0.69680478 0.00373134 0.00667135
0 0.24440299 0.86920646 0.00419776 0.00526685
0 0.37546642 0.90150983 0.00419776 0.00596910
1 0.38736007 0.06952247 0.03311567 0.04985955
1 0.40111940 0.13816713 0.00886194 0.01509831
1 0.32182836 0.51948736 0.00606343 0.00526685
1 0.35389459 0.89396067 0.00396455 0.00983146
2 0.59013526 0.00526685 0.01375933 0.00983146
2 0.57077892 0.00649579 0.00256530 0.00877809
2 0.60436101 0.00930478 0.00116604 0.00175562
2 0.46688433 0.02826545 0.00466418 0.00877809
2 0.49148787 0.04441713 0.00303172 0.00737360
2 0.67327425 0.05143961 0.00652985 0.01790730
2 0.41674440 0.06776685 0.00886194 0.01123596
2 0.30562034 0.09497893 0.00069963 0.00175562
2 0.40391791 0.09655899 0.00233209 0.00280899
2 0.41173041 0.09655899 0.00163246 0.00280899
2 0.41033116 0.11306180 0.01609142 0.02598315
2 0.40216884 0.10814607 0.00536381 0.01334270
2 0.42840485 0.10568820 0.00513060 0.00842697
2 0.39109142 0.11060393 0.00186567 0.00280899
2 0.43015392 0.12464888 0.00489739 0.01404494
2 0.39004198 0.12675562 0.00769590 0.01334270
2 0.42024254 0.13009129 0.00559701 0.01158708
2 0.41616138 0.12745787 0.00163246 0.00280899
2 0.43423507 0.13079354 0.00139925 0.00245787
2 0.43621735 0.13272472 0.00209888 0.00632022
2 0.42024254 0.14483848 0.01212687 0.02492978
2 0.40345149 0.14396067 0.01026119 0.01615169
2 0.39190765 0.14273174 0.00209888 0.00386236
2 0.37371735 0.14905197 0.00163246 0.00245787
2 0.37663246 0.15098315 0.00186567 0.00632022
2 0.38537780 0.15221208 0.00396455 0.00877809
2 0.39377332 0.15028090 0.00209888 0.00280899
2 0.25163246 0.15186096 0.00093284 0.00175562
2 0.39995336 0.15379213 0.00233209 0.00280899
2 0.40671642 0.16327247 0.00746269 0.01123596
2 0.25116604 0.15958567 0.00139925 0.00316011
2 0.24661847 0.16239466 0.00116604 0.00175562
2 0.24277052 0.16573034 0.00326493 0.00491573
2 0.26166045 0.17082163 0.01212687 0.01509831
2 0.28661381 0.16555478 0.00186567 0.00316011
2 0.23938899 0.16713483 0.00163246 0.00351124
2 0.24801772 0.16924157 0.00349813 0.00491573
2 0.41744403 0.16959270 0.00139925 0.00280899
2 0.25279851 0.17310393 0.00233209 0.00421348
2 0.41639459 0.17257725 0.00209888 0.00316011
2 0.41056437 0.17275281 0.00163246 0.00280899
2 0.28439832 0.17485955 0.00209888 0.00280899
2 0.24965019 0.17573736 0.00209888 0.00316011
2 0.26562500 0.17924860 0.00279851 0.00456461
2 0.41464552 0.18047753 0.00466418 0.00632022
2 0.42199160 0.18258427 0.00163246 0.00491573
2 0.26912313 0.18135534 0.00093284 0.00105337
2 0.39797108 0.18311096 0.00303172 0.00526685
2 0.23810634 0.18293539 0.00093284 0.00210674
2 0.25081623 0.18978230 0.00862873 0.01439607
2 0.41732743 0.18416433 0.00256530 0.00316011
2 0.23437500 0.19083567 0.00513060 0.00737360
2 0.27693563 0.18785112 0.00116604 0.00140449
2 0.40100280 0.19101124 0.00303172 0.00491573
2 0.42700560 0.19066011 0.00139925 0.00421348
2 0.41744403 0.19206461 0.00139925 0.00280899
2 0.26037780 0.19487360 0.00256530 0.00561798
2 0.26714086 0.19803371 0.00116604 0.00210674
2 0.23659049 0.20277388 0.00116604 0.00245787
2 0.27017257 0.20417837 0.00116604 0.00316011
2 0.27553638 0.20452949 0.00163246 0.00175562
2 0.25967817 0.20681180 0.00116604 0.00280899
2 0.29011194 0.20663624 0.00139925 0.00245787
2 0.25618004 0.20926966 0.00163246 0.00280899
2 0.42852146 0.21032303 0.00163246 0.00351124
2 0.22003265 0.21734551 0.00209888 0.00772472
2 0.28894590 0.21576545 0.00093284 0.00105337
2 0.28334888 0.22068118 0.00139925 0.00245787
2 0.28311567 0.22577247 0.00279851 0.00351124
2 0.43038713 0.22752809 0.00163246 0.00280899
2 0.43493470 0.23068820 0.00139925 0.00280899
2 0.43784981 0.22981039 0.00163246 0.00175562
2 0.35739272 0.23349719 0.00209888 0.00772472
2 0.43983209 0.23665730 0.00559701 0.00842697
2 0.60284515 0.26667837 0.00326493 0.00526685
2 0.19729478 0.26773174 0.00279851 0.00456461
2 0.15543377 0.29915730 0.00256530 0.00421348
2 0.24720149 0.33391854 0.00839552 0.01264045
2 0.26142724 0.32952949 0.00186567 0.00456461
2 0.24137127 0.35182584 0.00606343 0.00912921
2 0.65286847 0.37078652 0.00349813 0.00561798
2 0.64925373 0.37271770 0.00279851 0.00456461
2 0.14692164 0.37394663 0.00139925 0.00351124
2 0.13584422 0.37517556 0.00443097 0.00386236
2 0.17082556 0.37605337 0.00163246 0.00280899
2 0.16767724 0.38079354 0.00139925 0.00386236
2 0.65566698 0.38395365 0.00349813 0.00877809
2 0.14808769 0.38342697 0.00233209 0.00351124
2 0.15846549 0.38395365 0.00116604 0.00175562
2 0.16814366 0.39431180 0.01399254 0.02106742
2 0.15333489 0.38799157 0.00116604 0.00140449
2 0.65193563 0.39782303 0.00396455 0.00912921
2 0.65601679 0.39659410 0.00279851 0.00526685
2 0.17257463 0.40273876 0.00233209 0.00421348
2 0.15811567 0.40273876 0.00233209 0.00280899
2 0.63945896 0.40870787 0.00419776 0.00912921
2 0.65088619 0.40923455 0.00466418 0.00948034
2 0.12581623 0.41257022 0.00209888 0.00421348
2 0.12896455 0.41467697 0.00233209 0.00351124
2 0.13339552 0.41889045 0.00139925 0.00280899
2 0.25594683 0.43627107 0.00163246 0.00245787
2 0.67840485 0.48174157 0.00279851 0.00421348
2 0.60692631 0.50351124 0.00349813 0.00421348
2 0.61019123 0.53177669 0.00489739 0.01018258
2 0.15846549 0.56934691 0.01002799 0.01228933
2 0.60401119 0.57619382 0.00466418 0.00772472
2 0.29256063 0.57636938 0.00396455 0.00386236
2 0.44169776 0.57847612 0.00139925 0.00245787
2 0.44612873 0.57917837 0.00139925 0.00175562
2 0.17175840 0.58497191 0.00536381 0.00912921
2 0.44472948 0.58286517 0.00186567 0.00421348
2 0.44741138 0.58549860 0.00163246 0.00245787
2 0.15100280 0.59058989 0.00349813 0.00561798
2 0.16534515 0.58936096 0.00139925 0.00245787
2 0.15648321 0.59357444 0.00419776 0.00807584
2 0.14214086 0.59673455 0.00349813 0.00877809
2 0.17269123 0.59620787 0.00256530 0.00491573
2 0.16942631 0.59655899 0.00256530 0.00421348
2 0.43738340 0.60077247 0.00769590 0.01334270
2 0.14960354 0.59761236 0.00209888 0.00421348
2 0.16184701 0.59708567 0.00233209 0.00316011
2 0.17875466 0.60235253 0.00443097 0.00667135
2 0.16709422 0.60217697 0.00163246 0.00210674
2 0.15799907 0.61113062 0.01049440 0.01720506
2 0.14295709 0.60516152 0.00186567 0.00316011
2 0.14587220 0.60481039 0.00163246 0.00245787
2 0.14563899 0.61007725 0.00396455 0.00456461
2 0.17140858 0.61516854 0.00792910 0.01404494
2 0.33675373 0.61376404 0.00466418 0.00561798
2 0.44636194 0.61481742 0.00466418 0.00421348
2 0.15053638 0.61446629 0.00163246 0.00280899
2 0.21944963 0.62201545 0.00699627 0.01720506
2 0.14843750 0.61639747 0.00163246 0.00316011
2 0.36333955 0.61850421 0.00326493 0.00667135
2 0.35296175 0.62183989 0.00303172 0.00632022
2 0.35914179 0.62447331 0.00326493 0.00948034
2 0.15496735 0.62429775 0.00396455 0.00491573
2 0.35447761 0.62956461 0.00326493 0.00842697
2 0.34981343 0.63114466 0.00279851 0.00456461
2 0.16196362 0.63676264 0.00163246 0.00245787
2 0.35179571 0.64185393 0.00349813 0.00491573
2 0.79267724 0.64483848 0.00373134 0.00386236
2 0.34305037 0.67556180 0.00886194 0.01544944
2 0.15916511 0.72278792 0.00209888 0.00456461
2 0.14867071 0.72945927 0.00163246 0.00245787
2 0.15613340 0.72963483 0.00209888 0.00280899
2 0.16674440 0.74016854 0.00699627 0.02317416
2 0.67117537 0.73490169 0.00186567 0.00491573
2 0.68913246 0.74157303 0.00279851 0.00491573
2 0.17817164 0.74912219 0.01026119 0.01650281
2 0.20300840 0.74841994 0.00443097 0.00596910
2 0.20778918 0.74806882 0.00186567 0.00316011
2 0.15415112 0.75438904 0.01119403 0.01299157
2 0.65240205 0.75579354 0.00629664 0.01018258
2 0.18691698 0.75983146 0.00489739 0.01193820
2 0.20697295 0.75632022 0.00303172 0.00491573
2 0.14552239 0.76088483 0.00513060 0.01053371
2 0.22248134 0.76404494 0.01026119 0.01474719
2 0.14109142 0.76351826 0.00139925 0.00456461
2 0.20673974 0.77528090 0.00722948 0.01404494
2 0.22632929 0.78089888 0.00116604 0.00351124
2 0.16289646 0.78283006 0.00163246 0.00316011
2 0.19554571 0.78265449 0.00209888 0.00351124
2 0.19601213 0.78985253 0.01049440 0.01018258
2 0.18575093 0.79266152 0.00629664 0.01018258
2 0.16907649 0.79494382 0.00186567 0.00280899
2 0.18633396 0.81741573 0.00233209 0.00491573
2 0.23717351 0.83690309 0.00373134 0.00596910
