0 0.66452892 0.03809691 0.00489739 0.00807584
0 0.41243004 0.10147472 0.00349813 0.00561798
0 0.61077425 0.11165730 0.00419776 0.00702247
0 0.59841418 0.11516854 0.00419776 0.00632022
0 0.39097481 0.11920646 0.00443097 0.00526685
0 0.40648321 0.12535112 0.00466418 0.00842697
0 0.52063899 0.12394663 0.00396455 0.00561798
0 0.59911381 0.13167135 0.00699627 0.00983146
0 0.44881063 0.15203652 0.00349813 0.00632022
0 0.53101679 0.16028792 0.00606343 0.00877809
0 0.37733209 0.17240169 0.00326493 0.00421348
0 0.53206623 0.19592697 0.00629664 0.00842697
0 0.63362873 0.20014045 0.00839552 0.01264045
0 0.51877332 0.20733848 0.00443097 0.00737360
0 0.32007929 0.21225421 0.00676306 0.00948034
0 0.55876866 0.23437500 0.00652985 0.00877809
0 0.62686567 0.28792135 0.00979478 0.01474719
0 0.23589086 0.29143258 0.00536381 0.00772472
0 0.74207090 0.29424157 0.00559701 0.00983146
0 0.71886660 0.30881320 0.00583022 0.01018258
0 0.75431437 0.31478230 0.00536381 0.01018258
0 0.65939832 0.32233146 0.00396455 0.00561798
0 0.58931903 0.33040730 0.00513060 0.01193820
0 0.66114739 0.33286517 0.00839552 0.01264045
0 0.57952425 0.33128511 0.00466418 0.00807584
0 0.59584888 0.34041433 0.00419776 0.00456461
0 0.78206623 0.34164326 0.00583022 0.00632022
0 0.62919776 0.35235253 0.00326493 0.00456461
0 0.58069030 0.36551966 0.00652985 0.00983146
0 0.31424907 0.36393961 0.00256530 0.00526685
0 0.70195896 0.39396067 0.00559701 0.00912921
0 0.68015392 0.40589888 0.00349813 0.00632022
0 0.27670243 0.40835674 0.00396455 0.00772472
0 0.30666978 0.40712781 0.00233209 0.00456461
0 0.28101679 0.41204354 0.00233209 0.00456461
0 0.69519590 0.41450140 0.00466418 0.00877809
0 0.73472481 0.41678371 0.00396455 0.00702247
0 0.68703358 0.41871489 0.00606343 0.00877809
0 0.28509795 0.42152388 0.00303172 0.00596910
0 0.28556437 0.43943118 0.00396455 0.00526685
0 0.63257929 0.45224719 0.00443097 0.00702247
0 0.28801306 0.45452949 0.00373134 0.00596910
0 0.29186101 0.46172753 0.00489739 0.00632022
0 0.76282649 0.48016152 0.00606343 0.00877809
0 0.73495802 0.51896067 0.00349813 0.00632022
0 0.29256063 0.52212079 0.00396455 0.00561798
0 0.65053638 0.52966994 0.00396455 0.00667135
0 0.67677239 0.53809691 0.00466418 0.00737360
0 0.33185634 0.55495084 0.00466418 0.00526685
0 0.25419776 0.56074438 0.00559701 0.00772472
0 0.49626866 0.56443118 0.00699627 0.01158708
0 0.61730410 0.56969803 0.00279851 0.00386236
0 0.09958022 0.58514747 0.00513060 0.01018258
0 0.40764925 0.58795646 0.00373134 0.00526685
0 0.50827892 0.61411517 0.00303172 0.00421348
0 0.72446362 0.62833567 0.00396455 0.00526685
0 0.49615205 0.64255618 0.00769590 0.01053371
0 0.68668377 0.64044944 0.00303172 0.00421348
0 0.51119403 0.64571629 0.00186567 0.00421348
0 0.52273787 0.65572331 0.00303172 0.00386236
0 0.52460354 0.65993680 0.00349813 0.00386236
0 0.59771455 0.66467697 0.00373134 0.00632022
0 0.51644123 0.66906601 0.00629664 0.00807584
0 0.59491604 0.67152388 0.00279851 0.00456461
0 0.51096082 0.67679073 0.00419776 0.00667135
0 0.79092817 0.68714888 0.00536381 0.01123596
0 0.54547575 0.68556882 0.00326493 0.00386236
0 0.35366138 0.68960674 0.00722948 0.00912921
0 0.54349347 0.69891152 0.01049440 0.01439607
0 0.60669310 0.69575140 0.00536381 0.00737360
0 0.59748134 0.70400281 0.00326493 0.00842697
0 0.50128265 0.71313202 0.00349813 0.00421348
0 0.42339086 0.72296348 0.00396455 0.00561798
0 0.47912780 0.72717697 0.00303172 0.00491573
0 0.50909515 0.76053371 0.00466418 0.00491573
0 0.30597015 0.76632725 0.00373134 0.00877809
0 0.50023321 0.76948736 0.00652985 0.00596910
0 0.56098414 0.78335674 0.00349813 0.00632022
0 0.56844683 0.80811096 0.00676306 0.00948034
0 0.57987407 0.81548455 0.00536381 0.00877809
0 0.44694496 0.82022472 0.00536381 0.00842697
0 0.32520989 0.84287219 0.00862873 0.00877809
0 0.51177705 0.84971910 0.00443097 0.00702247
0 0.53416511 0.84954354 0.00256530 0.00456461
0 0.53591418 0.85919944 0.00373134 0.00632022
0 0.75443097 0.88553371 0.00932836 0.01053371
0 0.26865672 0.91221910 0.00419776 0.00632022
0 0.45953825 0.92608848 0.00349813 0.00526685
0 0.52460354 0.92766854 0.00443097 0.00421348
1 0.50349813 0.03441011 0.01212687 0.02317416
1 0.58278918 0.11885534 0.01865672 0.01931180
1 0.50618004 0.17521067 0.04267724 0.03932584
1 0.64505597 0.17205056 0.01585821 0.01615169
1 0.78801306 0.25807584 0.01026119 0.01896067
1 0.76690765 0.27984551 0.00862873 0.01264045
1 0.75291511 0.29318820 0.01096082 0.02247191
1 0.64120802 0.29476826 0.01935634 0.02422753
1 0.23017724 0.32478933 0.01679104 0.02668539
1 0.56028451 0.32162921 0.00816231 0.02036517
1 0.66161381 0.37289326 0.00979478 0.02247191
1 0.63071362 0.37693118 0.02168843 0.02212079
1 0.60354478 0.39501404 0.01119403 0.01404494
1 0.63432836 0.40712781 0.03964552 0.03335674
1 0.71525187 0.41028792 0.01912313 0.03054775
1 0.27413713 0.44030899 0.01982276 0.03581461
1 0.54372668 0.57145365 0.01842351 0.02914326
1 0.22434701 0.63904494 0.01539179 0.03300562
1 0.13362873 0.67468399 0.00979478 0.02563202
1 0.50851213 0.72454354 0.00816231 0.00877809
1 0.56553172 0.80038624 0.03544776 0.02492978
1 0.73122668 0.84164326 0.01375933 0.01755618
1 0.74895056 0.85393258 0.00722948 0.01474719
1 0.69787780 0.87535112 0.04034515 0.05617978
1 0.64249067 0.86376404 0.00699627 0.01053371
1 0.34281716 0.87517556 0.01492537 0.01790730
1 0.40403451 0.88096910 0.01982276 0.01544944
1 0.63129664 0.89009831 0.00792910 0.01334270
1 0.61718750 0.90028090 0.01329291 0.02176966
1 0.35389459 0.92398174 0.01609142 0.01720506
1 0.72901119 0.92556180 0.01445896 0.00772472
1 0.37744869 0.93398876 0.01189366 0.00912921
2 0.33069030 0.02212079 0.00419776 0.01193820
2 0.47434701 0.02106742 0.00373134 0.00632022
2 0.43365205 0.02370084 0.00816231 0.01088483
2 0.45510728 0.04494382 0.02775187 0.03721910
2 0.38456157 0.03563904 0.00559701 0.00948034
2 0.41219683 0.04283708 0.00443097 0.01896067
2 0.43633396 0.04195927 0.00326493 0.00877809
2 0.39470616 0.04722612 0.00583022 0.01790730
2 0.48659049 0.04371489 0.00583022 0.00948034
2 0.42292444 0.04985955 0.01515858 0.01193820
2 0.40415112 0.04933287 0.00839552 0.01018258
2 0.47586287 0.04792837 0.00396455 0.00596910
2 0.37313433 0.05284410 0.00979478 0.01439607
2 0.35389459 0.05372191 0.00489739 0.00632022
2 0.38607743 0.05354635 0.00303172 0.00456461
2 0.48262593 0.05495084 0.00303172 0.00456461
2 0.33232276 0.05740871 0.00466418 0.00807584
2 0.47621269 0.05933989 0.00373134 0.00561798
2 0.34573228 0.06337781 0.01515858 0.01299157
2 0.39913713 0.06566011 0.00629664 0.01053371
2 0.41056437 0.07215590 0.01142724 0.01860955
2 0.37908116 0.08163624 0.03894590 0.03616573
2 0.42817164 0.07531601 0.01212687 0.01790730
2 0.53882929 0.07303371 0.00396455 0.00772472
2 0.35937500 0.09058989 0.01492537 0.03862360
2 0.50501399 0.08110955 0.00862873 0.01474719
2 0.48717351 0.09252107 0.02285448 0.03335674
2 0.34421642 0.09252107 0.01632463 0.03125000
2 0.43819963 0.08321629 0.00559701 0.00983146
2 0.45813899 0.08356742 0.00489739 0.00842697
2 0.44624534 0.09199438 0.00862873 0.02036517
2 0.70837220 0.09076545 0.00676306 0.01439607
2 0.33430504 0.09831461 0.00956157 0.01123596
2 0.51550840 0.10340590 0.01096082 0.02001404
2 0.46280317 0.10077247 0.00489739 0.00772472
2 0.55923507 0.10814607 0.00373134 0.00561798
2 0.45254198 0.11077949 0.00396455 0.00737360
2 0.37290112 0.11674860 0.01166045 0.01369382
2 0.50034981 0.12113764 0.01842351 0.02176966
2 0.45977146 0.13114466 0.01422575 0.04037921
2 0.32520989 0.12025983 0.01049440 0.01580056
2 0.35704291 0.11622191 0.00652985 0.00702247
2 0.73332556 0.11551966 0.00303172 0.00421348
2 0.17840485 0.11780197 0.00419776 0.00596910
2 0.72119869 0.12096208 0.00396455 0.00667135
2 0.33978545 0.12289326 0.00559701 0.00491573
2 0.47586287 0.14044944 0.02448694 0.03792135
2 0.74020522 0.12798455 0.00279851 0.00386236
2 0.34549907 0.13096910 0.00349813 0.00561798
2 0.72924440 0.13764045 0.00792910 0.01896067
2 0.42677239 0.14501404 0.01399254 0.02808989
2 0.73868937 0.13342697 0.00443097 0.00561798
2 0.31809701 0.14009831 0.00839552 0.01264045
2 0.33500466 0.13781601 0.00396455 0.00877809
2 0.57800840 0.13939607 0.00303172 0.00491573
2 0.56308302 0.14115169 0.00349813 0.00561798
2 0.29081157 0.14975421 0.01445896 0.01720506
2 0.33896922 0.15168539 0.01142724 0.01966292
2 0.56926306 0.14817416 0.00419776 0.01123596
2 0.71420243 0.14870084 0.00676306 0.01018258
2 0.51923974 0.14834972 0.00443097 0.00877809
2 0.70569030 0.14957865 0.00513060 0.01053371
2 0.55095616 0.14799860 0.00536381 0.00667135
2 0.73006063 0.15502107 0.01189366 0.01580056
2 0.35331157 0.15361657 0.00746269 0.01018258
2 0.31273321 0.15449438 0.00466418 0.00772472
2 0.36881996 0.15344101 0.00256530 0.00561798
2 0.57625933 0.15344101 0.00326493 0.00421348
2 0.74078825 0.15765449 0.00396455 0.00772472
2 0.71548507 0.16151685 0.00839552 0.01264045
2 0.74790112 0.16608146 0.01305970 0.01825843
2 0.39797108 0.16485253 0.00536381 0.00737360
2 0.54932369 0.16432584 0.00396455 0.00702247
2 0.73437500 0.17169944 0.01026119 0.02036517
2 0.76912313 0.16818820 0.00326493 0.01123596
2 0.32999067 0.17292837 0.01958955 0.01860955
2 0.71886660 0.17907303 0.00909515 0.01193820
2 0.38409515 0.17801966 0.00326493 0.00491573
2 0.47632929 0.18311096 0.00443097 0.00807584
2 0.71152052 0.18539326 0.00373134 0.00561798
2 0.48169310 0.19311798 0.01142724 0.01264045
2 0.73390858 0.19101124 0.00373134 0.00702247
2 0.74766791 0.19820927 0.01305970 0.02141854
2 0.60459422 0.21295646 0.03008396 0.04389045
2 0.50921175 0.19908708 0.00349813 0.00421348
2 0.77845149 0.19961376 0.00326493 0.00596910
2 0.47388060 0.23016152 0.04524254 0.06355337
2 0.57695896 0.20189607 0.00279851 0.00491573
2 0.26923974 0.22787921 0.02915112 0.05547753
2 0.76364272 0.21980337 0.02122201 0.03160112
2 0.73180970 0.21506320 0.00652985 0.02141854
2 0.28731343 0.21313202 0.00652985 0.01123596
2 0.57672575 0.21172753 0.00839552 0.00842697
2 0.50396455 0.21067416 0.00466418 0.00491573
2 0.38327892 0.21278090 0.00443097 0.00632022
2 0.31459888 0.21699438 0.00513060 0.01123596
2 0.41301306 0.21681882 0.00419776 0.00667135
2 0.58127332 0.23455056 0.01609142 0.03932584
2 0.78078358 0.22103230 0.01026119 0.00596910
2 0.32637593 0.22349017 0.00349813 0.00526685
2 0.34993004 0.24192416 0.02681903 0.03862360
2 0.37989739 0.23314607 0.02005597 0.01615169
2 0.30655317 0.23051264 0.00536381 0.00807584
2 0.24556903 0.23437500 0.00792910 0.01509831
2 0.37091884 0.22998596 0.00396455 0.00421348
2 0.31926306 0.23806180 0.01026119 0.01825843
2 0.62943097 0.23191713 0.00279851 0.00526685
2 0.78439832 0.23279494 0.00303172 0.00561798
2 0.72667910 0.23700843 0.00699627 0.01053371
2 0.60657649 0.23525281 0.00373134 0.00561798
2 0.42245802 0.24280197 0.01375933 0.01860955
2 0.39272388 0.23788624 0.00326493 0.00526685
2 0.50699627 0.23876404 0.00746269 0.00702247
2 0.30398787 0.25052669 0.01189366 0.02914326
2 0.62173507 0.24332865 0.00373134 0.01264045
2 0.75139925 0.24420646 0.00979478 0.01158708
2 0.41219683 0.24104635 0.00349813 0.00456461
2 0.56156716 0.24438202 0.00652985 0.01053371
2 0.64400653 0.24543539 0.00676306 0.01053371
2 0.39144123 0.24806882 0.01375933 0.01439607
2 0.59246735 0.24438202 0.00349813 0.00561798
2 0.61357276 0.24543539 0.00326493 0.00491573
2 0.37733209 0.24648876 0.00746269 0.00491573
2 0.52996735 0.27615871 0.04034515 0.06425562
2 0.32964086 0.24929775 0.00349813 0.00702247
2 0.72539646 0.25035112 0.00536381 0.00702247
2 0.57031250 0.25316011 0.00769590 0.01123596
2 0.69274720 0.25316011 0.00536381 0.01193820
2 0.61567164 0.25070225 0.00279851 0.00351124
2 0.40939832 0.25438904 0.00349813 0.00526685
2 0.53521455 0.25456461 0.00419776 0.00632022
2 0.55853545 0.25807584 0.00419776 0.00772472
2 0.40228545 0.26650281 0.00979478 0.02106742
2 0.36124067 0.26246489 0.02472015 0.01158708
2 0.56401586 0.26088483 0.00489739 0.00842697
2 0.70860541 0.26492275 0.01562500 0.01720506
2 0.47376399 0.26509831 0.00769590 0.01404494
2 0.39132463 0.26228933 0.00279851 0.00561798
2 0.28789646 0.26878511 0.02308769 0.01790730
2 0.44799440 0.26281601 0.00652985 0.00596910
2 0.28008396 0.26299157 0.00652985 0.00491573
2 0.32392724 0.26878511 0.01026119 0.01439607
2 0.74090485 0.26790730 0.01958955 0.01334270
2 0.68341884 0.26808287 0.00862873 0.01018258
2 0.75548041 0.26755618 0.00676306 0.00983146
2 0.72049907 0.27176966 0.01002799 0.01685393
2 0.31308302 0.27071629 0.00536381 0.00912921
2 0.67420709 0.27387640 0.00652985 0.01264045
2 0.63934235 0.27176966 0.00256530 0.00491573
2 0.55585354 0.27299860 0.00349813 0.00596910
2 0.35960821 0.27703652 0.02192164 0.01264045
2 0.30503731 0.27387640 0.00279851 0.00421348
2 0.69029851 0.27808989 0.00746269 0.01264045
2 0.50349813 0.27668539 0.00839552 0.00842697
2 0.71117071 0.28107444 0.00536381 0.00948034
2 0.70125933 0.28160112 0.00652985 0.00702247
2 0.80422108 0.28054775 0.00349813 0.00491573
2 0.37569963 0.28844803 0.01026119 0.01790730
2 0.40671642 0.28283006 0.00373134 0.00596910
2 0.26597481 0.29459270 0.02728545 0.02738764
2 0.31401586 0.28739466 0.00862873 0.01299157
2 0.29535914 0.28686798 0.00489739 0.00983146
2 0.30725280 0.28879916 0.00629664 0.01369382
2 0.28929571 0.28493680 0.00256530 0.00526685
2 0.28264925 0.28792135 0.00559701 0.00983146
2 0.45534049 0.29564607 0.00909515 0.01685393
2 0.47189832 0.41853933 0.18959888 0.26264045
2 0.77262127 0.29231039 0.00466418 0.01018258
2 0.41965951 0.29195927 0.00349813 0.00526685
2 0.34946362 0.29143258 0.00256530 0.00280899
2 0.69671175 0.29599719 0.00629664 0.01123596
2 0.70685634 0.31074438 0.02238806 0.04073034
2 0.73204291 0.29301264 0.00373134 0.00386236
2 0.36263993 0.29441713 0.00326493 0.00596910
2 0.59211754 0.30214185 0.00886194 0.02001404
2 0.29244403 0.29687500 0.00279851 0.00667135
2 0.31284981 0.29599719 0.00256530 0.00421348
2 0.34211754 0.29687500 0.00373134 0.00596910
2 0.28346549 0.29687500 0.00349813 0.00526685
2 0.31914646 0.29652388 0.00303172 0.00316011
2 0.30550373 0.29915730 0.00373134 0.00421348
2 0.34479944 0.30705758 0.00909515 0.01088483
2 0.36742071 0.30653090 0.00349813 0.00491573
2 0.42385728 0.31337781 0.00816231 0.01439607
2 0.33640392 0.31232444 0.00256530 0.00386236
2 0.39692164 0.32092697 0.01026119 0.01474719
2 0.26329291 0.31741573 0.00326493 0.00632022
2 0.41044776 0.32391152 0.00886194 0.02001404
2 0.33605410 0.32057584 0.00513060 0.00491573
2 0.24603545 0.34708567 0.02332090 0.05512640
2 0.35494403 0.32338483 0.00513060 0.00702247
2 0.36112407 0.32180478 0.00163246 0.00316011
2 0.36462220 0.32215590 0.00209888 0.00386236
2 0.60517724 0.32917837 0.01026119 0.01650281
2 0.74930037 0.32443820 0.00279851 0.00351124
2 0.37220149 0.32917837 0.00559701 0.00877809
2 0.36415578 0.32970506 0.00396455 0.00351124
2 0.69811101 0.33567416 0.00629664 0.01334270
2 0.26364272 0.33251404 0.00303172 0.00421348
2 0.42537313 0.33462079 0.00233209 0.00561798
2 0.38362873 0.33742978 0.00699627 0.01053371
2 0.37313433 0.34164326 0.00513060 0.01123596
2 0.75944496 0.34111657 0.00816231 0.01018258
2 0.40030317 0.34603230 0.01189366 0.01860955
2 0.71513526 0.34410112 0.00396455 0.00491573
2 0.75209888 0.36235955 0.01072761 0.02808989
2 0.22679571 0.35867275 0.01749067 0.01931180
2 0.72691231 0.35551264 0.00466418 0.00737360
2 0.68003731 0.35867275 0.00373134 0.00456461
2 0.74043843 0.36429073 0.00979478 0.01018258
2 0.39179104 0.36183287 0.00279851 0.00456461
2 0.70860541 0.36622191 0.00583022 0.00702247
2 0.22819496 0.38219803 0.00909515 0.02773876
2 0.73868937 0.37236657 0.00349813 0.00456461
2 0.40543377 0.37552669 0.00303172 0.00667135
2 0.21991604 0.38149579 0.00746269 0.01228933
2 0.73903918 0.38079354 0.01212687 0.00877809
2 0.72971082 0.38412921 0.00466418 0.00772472
2 0.74953358 0.39202949 0.00279851 0.00386236
2 0.22411381 0.40607444 0.01259328 0.02492978
2 0.23927239 0.39747191 0.00233209 0.00561798
2 0.59526586 0.40607444 0.00536381 0.00948034
2 0.74755131 0.42327949 0.00909515 0.01580056
2 0.20767257 0.41889045 0.00303172 0.00561798
2 0.61695429 0.42257725 0.00816231 0.00877809
2 0.22737873 0.42205056 0.00373134 0.00632022
2 0.22971082 0.43311096 0.00979478 0.01369382
2 0.20697295 0.43100421 0.00443097 0.00737360
2 0.21490205 0.43750000 0.00862873 0.01264045
2 0.73017724 0.43486657 0.00326493 0.00526685
2 0.72236474 0.43767556 0.00303172 0.00526685
2 0.68983209 0.47085674 0.04337687 0.05337079
2 0.22632929 0.45646067 0.00956157 0.02317416
2 0.74556903 0.44978933 0.00886194 0.00842697
2 0.22854478 0.46576545 0.02192164 0.03616573
2 0.61252332 0.46102528 0.01329291 0.01404494
2 0.73309235 0.45786517 0.00396455 0.00842697
2 0.67852146 0.45962079 0.00676306 0.00983146
2 0.65345149 0.48437500 0.01958955 0.02563202
2 0.72084888 0.47612360 0.00839552 0.00842697
2 0.24242071 0.48033708 0.00583022 0.01474719
2 0.58652052 0.48051264 0.00932836 0.01369382
2 0.23810634 0.48244382 0.00233209 0.00351124
2 0.71618470 0.49508427 0.01585821 0.02879213
2 0.30480410 0.48630618 0.00513060 0.00702247
2 0.28194963 0.48630618 0.00373134 0.00561798
2 0.73903918 0.48841292 0.00559701 0.01053371
2 0.36893657 0.49385534 0.00513060 0.00877809
2 0.70545709 0.49403090 0.00932836 0.00912921
2 0.60541045 0.50649579 0.00839552 0.03265449
2 0.66243004 0.49877107 0.00396455 0.00948034
2 0.24696828 0.52387640 0.02751866 0.05056180
2 0.70172575 0.50368680 0.00419776 0.00948034
2 0.56506530 0.52615871 0.02751866 0.05021067
2 0.72061567 0.50772472 0.00513060 0.00702247
2 0.59060168 0.52896770 0.02075560 0.04248596
2 0.65450093 0.51404494 0.01002799 0.01123596
2 0.63782649 0.51527388 0.00466418 0.00877809
2 0.66359608 0.51685393 0.00303172 0.01123596
2 0.28136660 0.52036517 0.00396455 0.00702247
2 0.58057369 0.52229635 0.00862873 0.01088483
2 0.60715951 0.52808989 0.00489739 0.00983146
2 0.07742537 0.52773876 0.00466418 0.00772472
2 0.27040578 0.52773876 0.00256530 0.00351124
2 0.37383396 0.54669944 0.01679104 0.03370787
2 0.73122668 0.53985253 0.00909515 0.01509831
2 0.28346549 0.53669242 0.00349813 0.00596910
2 0.32194496 0.53599017 0.00256530 0.00386236
2 0.61578825 0.54002809 0.00396455 0.00842697
2 0.26620802 0.54511938 0.00676306 0.01509831
2 0.67175840 0.54160815 0.00303172 0.00456461
2 0.27506996 0.54371489 0.00303172 0.00526685
2 0.64843750 0.54371489 0.00396455 0.00596910
2 0.64295709 0.54529494 0.00279851 0.00491573
2 0.64214086 0.55249298 0.01282649 0.01439607
2 0.69321362 0.54933287 0.00583022 0.00667135
2 0.73903918 0.55354635 0.00559701 0.01580056
2 0.09806437 0.55179073 0.00396455 0.00948034
2 0.58034049 0.55319522 0.00769590 0.00737360
2 0.75513060 0.55354635 0.00419776 0.00667135
2 0.72516325 0.55337079 0.00349813 0.00491573
2 0.61333955 0.55424860 0.00326493 0.00526685
2 0.27518657 0.55495084 0.00326493 0.00526685
2 0.61765392 0.55916433 0.00583022 0.01228933
2 0.32019590 0.55635534 0.00186567 0.00596910
2 0.29512593 0.55793539 0.00629664 0.00702247
2 0.58640392 0.56214888 0.00816231 0.01193820
2 0.31693097 0.55933989 0.00279851 0.00421348
2 0.63327892 0.56741573 0.01562500 0.02036517
2 0.62045243 0.56127107 0.00349813 0.00737360
2 0.45755597 0.56302669 0.00792910 0.00737360
2 0.07672575 0.56372893 0.00559701 0.00807584
2 0.61263993 0.56285112 0.00326493 0.00632022
2 0.34340019 0.56618680 0.00489739 0.00737360
2 0.43248601 0.57636938 0.01562500 0.02773876
2 0.24113806 0.56706461 0.00186567 0.00632022
2 0.24638526 0.56794242 0.00396455 0.00526685
2 0.60249534 0.61288624 0.03568097 0.09515449
2 0.30072295 0.56882022 0.00396455 0.00421348
2 0.66149720 0.57057584 0.00349813 0.00632022
2 0.27262127 0.57145365 0.00466418 0.00667135
2 0.32101213 0.57215590 0.00443097 0.00807584
2 0.45499067 0.60129916 0.02751866 0.06214888
2 0.58558769 0.58163624 0.00886194 0.02212079
2 0.46175373 0.57619382 0.00559701 0.00983146
2 0.28113340 0.57549157 0.00536381 0.00702247
2 0.36427239 0.57882725 0.00373134 0.00877809
2 0.66312966 0.58251404 0.00862873 0.01474719
2 0.71723414 0.57952949 0.00396455 0.00596910
2 0.26410914 0.58040730 0.00303172 0.00632022
2 0.67164179 0.58813202 0.01305970 0.02036517
2 0.29699160 0.58058287 0.00116604 0.00316011
2 0.26923974 0.58391854 0.00256530 0.00632022
2 0.29594216 0.58690309 0.00279851 0.00737360
2 0.71886660 0.58672753 0.00489739 0.00772472
2 0.27681903 0.59111657 0.00652985 0.01158708
2 0.30620336 0.59199438 0.00746269 0.01053371
2 0.34911381 0.59146770 0.00373134 0.00807584
2 0.36438899 0.59199438 0.00536381 0.00561798
2 0.29722481 0.59831461 0.00956157 0.01053371
2 0.57847481 0.59585674 0.00396455 0.00632022
2 0.46898321 0.60024579 0.00746269 0.01299157
2 0.52378731 0.59691011 0.00419776 0.00632022
2 0.61159049 0.59849017 0.00303172 0.00526685
2 0.63199627 0.59971910 0.00699627 0.00842697
2 0.08547108 0.60305478 0.00629664 0.00948034
2 0.64330690 0.60217697 0.00489739 0.00772472
2 0.30970149 0.60287921 0.00419776 0.00702247
2 0.48379198 0.60498596 0.00303172 0.00491573
2 0.47376399 0.61762640 0.00909515 0.02247191
2 0.61263993 0.61358848 0.00513060 0.00526685
2 0.66604478 0.61709972 0.00419776 0.00456461
2 0.49941698 0.61815309 0.00256530 0.00456461
2 0.33337220 0.62675562 0.00443097 0.01123596
2 0.34025187 0.62464888 0.00326493 0.00491573
2 0.08663713 0.63641152 0.00676306 0.01720506
2 0.59456623 0.63360253 0.00303172 0.00526685
2 0.11019123 0.64132725 0.01002799 0.01299157
2 0.48682369 0.63711376 0.00256530 0.00386236
2 0.67082556 0.64150281 0.00396455 0.00702247
2 0.46781716 0.64764747 0.00839552 0.01650281
2 0.44752799 0.64290730 0.00513060 0.00561798
2 0.45522388 0.64536517 0.00373134 0.00702247
2 0.34211754 0.65098315 0.01119403 0.01685393
2 0.46012127 0.64676966 0.00466418 0.00772472
2 0.47527985 0.64694522 0.00606343 0.00667135
2 0.59071828 0.64571629 0.00279851 0.00491573
2 0.60109608 0.65028090 0.01236007 0.01193820
2 0.56704757 0.64799860 0.00349813 0.00526685
2 0.58605410 0.64992978 0.00699627 0.00842697
2 0.69426306 0.65344101 0.00559701 0.00983146
2 0.09071828 0.66221910 0.01166045 0.02668539
2 0.39085821 0.65712781 0.00979478 0.01088483
2 0.45289179 0.65519663 0.00326493 0.00421348
2 0.57451026 0.65554775 0.00256530 0.00491573
2 0.47527985 0.65765449 0.00233209 0.00421348
2 0.61007463 0.66063904 0.00746269 0.01088483
2 0.46840019 0.66274579 0.00862873 0.01158708
2 0.48169310 0.66625702 0.00722948 0.01790730
2 0.33383862 0.66573034 0.00956157 0.01334270
2 0.59036847 0.66537921 0.00629664 0.01053371
2 0.58034049 0.66520365 0.00349813 0.00737360
2 0.50233209 0.66783708 0.00279851 0.00491573
2 0.49475280 0.66748596 0.00349813 0.00351124
2 0.32474347 0.67661517 0.01189366 0.01755618
2 0.56623134 0.67257725 0.00699627 0.00807584
2 0.58104011 0.68082865 0.01142724 0.02176966
2 0.61275653 0.67521067 0.00443097 0.00632022
2 0.50338153 0.67556180 0.00303172 0.00491573
2 0.52576959 0.68170646 0.00583022 0.01720506
2 0.49883396 0.67643961 0.00279851 0.00526685
2 0.59724813 0.67749298 0.00513060 0.00667135
2 0.61765392 0.68153090 0.00349813 0.00702247
2 0.48577425 0.68802669 0.01305970 0.01790730
2 0.49988340 0.69083567 0.00862873 0.00948034
2 0.51935634 0.69452247 0.00513060 0.00842697
2 0.57474347 0.70997191 0.02075560 0.03230337
2 0.51259328 0.69996489 0.00279851 0.00877809
2 0.40368470 0.70101826 0.00979478 0.00667135
2 0.48087687 0.70294944 0.00513060 0.00772472
2 0.41429571 0.70786517 0.00629664 0.01193820
2 0.51585821 0.70382725 0.00233209 0.00316011
2 0.52938433 0.70821629 0.00652985 0.01193820
2 0.48099347 0.71664326 0.00956157 0.01755618
2 0.37056903 0.71611657 0.00326493 0.00526685
2 0.39435634 0.71839888 0.00839552 0.00912921
2 0.35541045 0.71646770 0.00233209 0.00456461
2 0.40333489 0.71927669 0.00349813 0.00807584
2 0.48787313 0.71980337 0.00373134 0.00842697
2 0.41452892 0.72419242 0.01189366 0.01509831
2 0.53463153 0.72138343 0.00256530 0.00526685
2 0.47248134 0.72313904 0.00279851 0.00456461
2 0.40158582 0.72577247 0.00886194 0.00702247
2 0.46711754 0.72542135 0.00186567 0.00632022
2 0.52716884 0.72647472 0.00909515 0.00842697
2 0.38840951 0.73314607 0.00443097 0.00983146
2 0.57672575 0.73964185 0.00513060 0.00667135
2 0.54722481 0.74016854 0.00349813 0.00702247
2 0.57182836 0.74227528 0.00606343 0.00912921
2 0.53847948 0.73999298 0.00139925 0.00175562
2 0.42164179 0.74297753 0.00373134 0.00421348
2 0.38899254 0.74701545 0.00419776 0.00737360
2 0.53346549 0.74578652 0.00303172 0.00421348
2 0.54477612 0.74964888 0.00839552 0.01123596
2 0.56413246 0.74648876 0.00279851 0.00421348
2 0.38071362 0.74964888 0.00676306 0.00912921
2 0.41592817 0.74806882 0.00303172 0.00456461
2 0.47679571 0.74806882 0.00256530 0.00386236
2 0.17607276 0.75070225 0.00513060 0.00842697
2 0.51935634 0.74877107 0.00186567 0.00316011
2 0.39015858 0.75491573 0.00326493 0.00491573
2 0.51317631 0.76439607 0.00489739 0.00702247
2 0.16546175 0.77282303 0.01002799 0.01404494
2 0.21583489 0.80108848 0.00303172 0.00386236
2 0.33500466 0.80214185 0.00489739 0.00526685
2 0.74661847 0.84936798 0.00769590 0.01264045
2 0.68341884 0.85551264 0.00583022 0.00596910
2 0.75186567 0.85972612 0.00932836 0.01088483
