0 0.66452892 0.04037921 0.00583022 0.00842697
0 0.22959422 0.04248596 0.00629664 0.01053371
0 0.47294776 0.07514045 0.00326493 0.00491573
0 0.36473881 0.09971910 0.00326493 0.00491573
0 0.69111474 0.16046348 0.00583022 0.00912921
0 0.71350280 0.17205056 0.00816231 0.01334270
0 0.23134328 0.18591994 0.01166045 0.01650281
0 0.18738340 0.19030899 0.00256530 0.00351124
0 0.31541511 0.21278090 0.00349813 0.00561798
0 0.37756530 0.22155899 0.00233209 0.00351124
0 0.37313433 0.22349017 0.00233209 0.00386236
0 0.43295243 0.23332163 0.00256530 0.00386236
0 0.25338153 0.24069522 0.00349813 0.00456461
0 0.36940299 0.24139747 0.00466418 0.00667135
0 0.42560634 0.24631320 0.00233209 0.00386236
0 0.24067164 0.26755618 0.00466418 0.00702247
0 0.46280317 0.31179775 0.00256530 0.00421348
0 0.36660448 0.31934691 0.00279851 0.00456461
0 0.43854944 0.32443820 0.00256530 0.00421348
0 0.37558302 0.33584972 0.00256530 0.00456461
0 0.52355410 0.34427669 0.00419776 0.00526685
0 0.23927239 0.36938202 0.00326493 0.00561798
0 0.43715019 0.37219101 0.00209888 0.00351124
0 0.13351213 0.37289326 0.00256530 0.00421348
0 0.25513060 0.37675562 0.00326493 0.00491573
0 0.58523787 0.38588483 0.00396455 0.00632022
0 0.14447295 0.38623596 0.00303172 0.00491573
0 0.22679571 0.38658708 0.00303172 0.00491573
0 0.36555504 0.39220506 0.00256530 0.00421348
0 0.61905317 0.39992978 0.00349813 0.00491573
0 0.19694496 0.42872191 0.00256530 0.00421348
0 0.37430037 0.43311096 0.00652985 0.00737360
0 0.49416978 0.43117978 0.00186567 0.00280899
0 0.50454757 0.43416433 0.00536381 0.00667135
0 0.18248601 0.43381320 0.00256530 0.00456461
0 0.30282183 0.43381320 0.00349813 0.00526685
0 0.62919776 0.43398876 0.00186567 0.00351124
0 0.68913246 0.44329354 0.00326493 0.00526685
0 0.63619403 0.44978933 0.00373134 0.00561798
0 0.34526586 0.45698736 0.00443097 0.00667135
0 0.15251866 0.47226124 0.00559701 0.00842697
0 0.48507463 0.47243680 0.00279851 0.00386236
0 0.48239272 0.47787921 0.00303172 0.00561798
0 0.17502332 0.49139747 0.00209888 0.00316011
0 0.07695896 0.50702247 0.00233209 0.00351124
0 0.27693563 0.51808287 0.00256530 0.00386236
0 0.37534981 0.51790730 0.00163246 0.00280899
0 0.34654851 0.52282303 0.00373134 0.00632022
0 0.27483675 0.52598315 0.00256530 0.00491573
0 0.34211754 0.52844101 0.00419776 0.00632022
0 0.34608209 0.53283006 0.00279851 0.00386236
0 0.09200093 0.53476124 0.00349813 0.00632022
0 0.18353545 0.53581461 0.00419776 0.00772472
0 0.34818097 0.54090590 0.00186567 0.00316011
0 0.30223881 0.54669944 0.00419776 0.00772472
0 0.41266325 0.54599719 0.00209888 0.00351124
0 0.13176306 0.55021067 0.00326493 0.00491573
0 0.28264925 0.54985955 0.00186567 0.00280899
0 0.32486007 0.56267556 0.00279851 0.00667135
0 0.50967817 0.56214888 0.00303172 0.00491573
0 0.29804104 0.56636236 0.00792910 0.01193820
0 0.67234142 0.56636236 0.00279851 0.00421348
0 0.08197295 0.57092697 0.00816231 0.01193820
0 0.14039179 0.57198034 0.00559701 0.00842697
0 0.57987407 0.57724719 0.00256530 0.00351124
0 0.52786847 0.58602528 0.00303172 0.00421348
0 0.34001866 0.60551264 0.00699627 0.00948034
0 0.45242537 0.60656601 0.00699627 0.01228933
0 0.13596082 0.64957865 0.00513060 0.00842697
0 0.26364272 0.67152388 0.00443097 0.00526685
0 0.66044776 0.68047753 0.00233209 0.00351124
0 0.10622668 0.69820927 0.00209888 0.00386236
0 0.16277985 0.73349719 0.00606343 0.00772472
0 0.32695896 0.75000000 0.00373134 0.00561798
0 0.49323694 0.76053371 0.00186567 0.00421348
0 0.41522854 0.76369382 0.00583022 0.00772472
0 0.13374534 0.76281601 0.00209888 0.00386236
0 0.32229478 0.76264045 0.00233209 0.00351124
0 0.12569963 0.76685393 0.00326493 0.00491573
0 0.14354011 0.77738764 0.00209888 0.00351124
0 0.38701026 0.77879213 0.00349813 0.00561798
0 0.39867071 0.78950140 0.00349813 0.00596910
0 0.15590019 0.79143258 0.00209888 0.00351124
0 0.39365672 0.79441713 0.00326493 0.00526685
0 0.40380131 0.79371489 0.00256530 0.00456461
0 0.19484608 0.79582163 0.00256530 0.00386236
0 0.25233209 0.80670646 0.00326493 0.00526685
0 0.24335354 0.80898876 0.00583022 0.00772472
0 0.23845616 0.81478230 0.00396455 0.00596910
0 0.40928172 0.82636938 0.00279851 0.00456461
0 0.43248601 0.82636938 0.00256530 0.00386236
0 0.18108675 0.87096208 0.00349813 0.00526685
0 0.42292444 0.87166433 0.00256530 0.00386236
0 0.18924907 0.87271770 0.00349813 0.00526685
0 0.37231810 0.87394663 0.00303172 0.00491573
0 0.40356810 0.87587781 0.00536381 0.00737360
0 0.38071362 0.87605337 0.00349813 0.00561798
0 0.40986474 0.88254916 0.00303172 0.00456461
0 0.18178638 0.88799157 0.00349813 0.00561798
0 0.36124067 0.91432584 0.00326493 0.00421348
0 0.55107276 0.91520365 0.00373134 0.00526685
0 0.36765392 0.91783708 0.00536381 0.00702247
0 0.70604011 0.93223315 0.00583022 0.00632022
0 0.21361940 0.94434691 0.00326493 0.00526685
0 0.65356810 0.96927669 0.00396455 0.00596910
0 0.62663246 0.97243680 0.00419776 0.00667135
1 0.57754198 0.02861657 0.00862873 0.01088483
1 0.60307836 0.05740871 0.05597015 0.04389045
1 0.41721082 0.15449438 0.00746269 0.00983146
1 0.19379664 0.19434691 0.02332090 0.03335674
1 0.33931903 0.35849719 0.00559701 0.01264045
1 0.09153451 0.48455056 0.01375933 0.02808989
1 0.10599347 0.50070225 0.00862873 0.01334270
1 0.11858675 0.51755618 0.02122201 0.02528090
1 0.25000000 0.54529494 0.00652985 0.01544944
1 0.38164646 0.53897472 0.00583022 0.00351124
1 0.18353545 0.54740169 0.00746269 0.00912921
1 0.34375000 0.55337079 0.00513060 0.01123596
1 0.10739272 0.55389747 0.00676306 0.00737360
1 0.17700560 0.57531601 0.00652985 0.01509831
1 0.16826026 0.60217697 0.00583022 0.00842697
1 0.08535448 0.63096910 0.01912313 0.04494382
1 0.10366138 0.64764747 0.02168843 0.04248596
1 0.30690299 0.66889045 0.04291045 0.03230337
1 0.17863806 0.68398876 0.03358209 0.06039326
1 0.24556903 0.66783708 0.01399254 0.01264045
1 0.30235541 0.72875702 0.01096082 0.01439607
1 0.14937034 0.73858848 0.00629664 0.01650281
1 0.21548507 0.77914326 0.00606343 0.00912921
1 0.35494403 0.79424157 0.00886194 0.01193820
1 0.43201959 0.81724017 0.00676306 0.00737360
1 0.44846082 0.82162921 0.00513060 0.00702247
1 0.20918843 0.87710674 0.00652985 0.01264045
1 0.54069496 0.88290028 0.01049440 0.01439607
1 0.29850746 0.91836376 0.00886194 0.00737360
1 0.22632929 0.92345506 0.00862873 0.00983146
1 0.58687034 0.93223315 0.01609142 0.01264045
1 0.38666045 0.93451545 0.00792910 0.00877809
1 0.37500000 0.94259129 0.01305970 0.02001404
1 0.42327425 0.97507022 0.02192164 0.01615169
2 0.46455224 0.04810393 0.01679104 0.00983146
2 0.45452425 0.07110253 0.01259328 0.01088483
2 0.32964086 0.12728230 0.00583022 0.00877809
2 0.47877799 0.20804073 0.01026119 0.01158708
2 0.48449160 0.20593399 0.00536381 0.00316011
2 0.44379664 0.20821629 0.00466418 0.00561798
2 0.46851679 0.20891854 0.00839552 0.00772472
2 0.49801772 0.21155197 0.00303172 0.00526685
2 0.39505597 0.21137640 0.00419776 0.00421348
2 0.44064832 0.21383427 0.00256530 0.00421348
2 0.44939366 0.22015449 0.01166045 0.01615169
2 0.42560634 0.21646770 0.00279851 0.00316011
2 0.41417910 0.22138343 0.00373134 0.00737360
2 0.42444030 0.22296348 0.00279851 0.00421348
2 0.47306437 0.22401685 0.00349813 0.00351124
2 0.43831623 0.22577247 0.00209888 0.00421348
2 0.46222015 0.22770365 0.00279851 0.00245787
2 0.41476213 0.23349719 0.00909515 0.01123596
2 0.34549907 0.23191713 0.00396455 0.00667135
2 0.45907183 0.23086376 0.00349813 0.00526685
2 0.42397388 0.23419944 0.00186567 0.00280899
2 0.46338619 0.23753511 0.00839552 0.00877809
2 0.45172575 0.23665730 0.00513060 0.00491573
2 0.37768190 0.24051966 0.00629664 0.00912921
2 0.45044310 0.24648876 0.00583022 0.00983146
2 0.41767724 0.24631320 0.00279851 0.00456461
2 0.42712220 0.25386236 0.01795709 0.01474719
2 0.43948228 0.24877107 0.00583022 0.00386236
2 0.45510728 0.25280899 0.01002799 0.00842697
2 0.41417910 0.25561798 0.00419776 0.00561798
2 0.44298041 0.25579354 0.00536381 0.00526685
2 0.39447295 0.28388343 0.00256530 0.00316011
2 0.40590019 0.28581461 0.00349813 0.00491573
2 0.39342351 0.28827247 0.00373134 0.00351124
2 0.28614739 0.29669944 0.00652985 0.00842697
2 0.28579757 0.30424860 0.00349813 0.00386236
2 0.27588619 0.31056882 0.00279851 0.00386236
2 0.42548974 0.31232444 0.00396455 0.00667135
2 0.27133862 0.31320225 0.00489739 0.00351124
2 0.27565299 0.31794242 0.00559701 0.00526685
2 0.53673041 0.33830758 0.01749067 0.02633427
2 0.30492071 0.33005618 0.00396455 0.00421348
2 0.46933302 0.33110955 0.00256530 0.00421348
2 0.45289179 0.33690309 0.00652985 0.00667135
2 0.42910448 0.33760534 0.00279851 0.00456461
2 0.47131530 0.33813202 0.00279851 0.00421348
2 0.51515858 0.34216994 0.00279851 0.00316011
2 0.43271922 0.34410112 0.00303172 0.00351124
2 0.45627332 0.34427669 0.00256530 0.00386236
2 0.49860075 0.34708567 0.00513060 0.00877809
2 0.51131063 0.34796348 0.00349813 0.00491573
2 0.51784049 0.35112360 0.00256530 0.00702247
2 0.52425373 0.35621489 0.01119403 0.01650281
2 0.44286381 0.35252809 0.00373134 0.00632022
2 0.50128265 0.36183287 0.01375933 0.01228933
2 0.39995336 0.36095506 0.00233209 0.00351124
2 0.48833955 0.36358848 0.00326493 0.00386236
2 0.50757929 0.36429073 0.00396455 0.00245787
2 0.52786847 0.36762640 0.00303172 0.00491573
2 0.51469216 0.37447331 0.00699627 0.01580056
2 0.45125933 0.37025983 0.00559701 0.00526685
2 0.42094216 0.36973315 0.00186567 0.00280899
2 0.50454757 0.36990871 0.00256530 0.00316011
2 0.35366138 0.37341994 0.00256530 0.00596910
2 0.36124067 0.37183989 0.00139925 0.00280899
2 0.49708489 0.37500000 0.00349813 0.00351124
2 0.35541045 0.37851124 0.00186567 0.00210674
2 0.38257929 0.38676264 0.00209888 0.00245787
2 0.53871269 0.39396067 0.01305970 0.00983146
2 0.39610541 0.39150281 0.00209888 0.00351124
2 0.39132463 0.39659410 0.00279851 0.00596910
2 0.56156716 0.43890449 0.00419776 0.00491573
2 0.20265858 0.44066011 0.00279851 0.00561798
2 0.20942164 0.44118680 0.00326493 0.00456461
2 0.19309701 0.45523174 0.00373134 0.00526685
2 0.20592351 0.45997191 0.00279851 0.00561798
2 0.18097015 0.46471208 0.00419776 0.00456461
2 0.21956623 0.47155899 0.00583022 0.01615169
2 0.19181437 0.47015449 0.00443097 0.00842697
2 0.19974347 0.46787219 0.00396455 0.00316011
2 0.18143657 0.47120787 0.00559701 0.00632022
2 0.21396922 0.47349017 0.00396455 0.01018258
2 0.20767257 0.47471910 0.00489739 0.00772472
2 0.10284515 0.47752809 0.00419776 0.00702247
2 0.18155317 0.47875702 0.00303172 0.00316011
2 0.16476213 0.48209270 0.00676306 0.00561798
2 0.22772854 0.48367275 0.01049440 0.00877809
2 0.22947761 0.49332865 0.00373134 0.00842697
2 0.25046642 0.49069522 0.00139925 0.00245787
2 0.16487873 0.49245084 0.00466418 0.00456461
2 0.24230410 0.49473315 0.00466418 0.00632022
2 0.25058302 0.49332865 0.00163246 0.00210674
2 0.42047575 0.49859551 0.00792910 0.00912921
2 0.50792910 0.49596208 0.00233209 0.00456461
2 0.23309235 0.51720506 0.02215485 0.04564607
2 0.16616138 0.49824438 0.00489739 0.00421348
2 0.21781716 0.49894663 0.00373134 0.00632022
2 0.41639459 0.49701545 0.00116604 0.00175562
2 0.42840485 0.51615169 0.03917910 0.02879213
2 0.16627799 0.50421348 0.00186567 0.00351124
2 0.22201493 0.50438904 0.00279851 0.00316011
2 0.24918377 0.50596910 0.00209888 0.00280899
2 0.13444496 0.50702247 0.00349813 0.00421348
2 0.17164179 0.50719803 0.00326493 0.00386236
2 0.41009795 0.51299157 0.00769590 0.00421348
2 0.14785448 0.51544944 0.00326493 0.00351124
2 0.42059235 0.51650281 0.00256530 0.00561798
2 0.42479011 0.52001404 0.00256530 0.00351124
2 0.41849347 0.52071629 0.00209888 0.00280899
2 0.42758862 0.52212079 0.00303172 0.00561798
2 0.43260261 0.52159410 0.00326493 0.00456461
2 0.35506063 0.52194522 0.00163246 0.00245787
2 0.42467351 0.52563202 0.00186567 0.00280899
2 0.40648321 0.52738764 0.00466418 0.00491573
2 0.35925840 0.53037219 0.00303172 0.00386236
2 0.40461754 0.53283006 0.01259328 0.00948034
2 0.42618937 0.53388343 0.00536381 0.00667135
2 0.43038713 0.53283006 0.00256530 0.00386236
2 0.19706157 0.53388343 0.00139925 0.00316011
2 0.41814366 0.54108146 0.00886194 0.01544944
2 0.39097481 0.53721910 0.00209888 0.00210674
2 0.39832090 0.54301264 0.00839552 0.01369382
2 0.17910448 0.53862360 0.00186567 0.00351124
2 0.30363806 0.53809691 0.00139925 0.00316011
2 0.40881530 0.54283708 0.00886194 0.01053371
2 0.36555504 0.54178371 0.00769590 0.00702247
2 0.39272388 0.54073034 0.00233209 0.00351124
2 0.38269590 0.54564607 0.01632463 0.00842697
2 0.42595616 0.54459270 0.00303172 0.00561798
2 0.44846082 0.54389045 0.00186567 0.00280899
2 0.37173507 0.54441713 0.00326493 0.00245787
2 0.19857743 0.54863062 0.00676306 0.01018258
2 0.23484142 0.55179073 0.00419776 0.01158708
2 0.19134795 0.55056180 0.00536381 0.00632022
2 0.44368004 0.55284410 0.00722948 0.00807584
2 0.44834422 0.54985955 0.00163246 0.00210674
2 0.41033116 0.55196629 0.00303172 0.00351124
2 0.42432369 0.55231742 0.00256530 0.00421348
2 0.41616138 0.55284410 0.00303172 0.00456461
2 0.21233675 0.55582865 0.00722948 0.00561798
2 0.42968750 0.55547753 0.00303172 0.00351124
2 0.20685634 0.55565309 0.00139925 0.00245787
2 0.43703358 0.55530197 0.00186567 0.00245787
2 0.19228078 0.55758427 0.00396455 0.00351124
2 0.20277519 0.55969101 0.00536381 0.00491573
2 0.43750000 0.55969101 0.00233209 0.00561798
2 0.20662313 0.56583567 0.00746269 0.01509831
2 0.44659515 0.56214888 0.00233209 0.00421348
2 0.52203825 0.56214888 0.00256530 0.00421348
2 0.22003265 0.56636236 0.01096082 0.01123596
2 0.19974347 0.57022472 0.00396455 0.01193820
2 0.21245336 0.56724017 0.00606343 0.00596910
2 0.22667910 0.57707163 0.00979478 0.02141854
2 0.19542910 0.57110253 0.00186567 0.00245787
2 0.23274254 0.57707163 0.00233209 0.00526685
2 0.20942164 0.58567416 0.00886194 0.00912921
2 0.24871735 0.58304073 0.00256530 0.00316011
2 0.24055504 0.58655197 0.00629664 0.00737360
2 0.21851679 0.58655197 0.00326493 0.00596910
2 0.18435168 0.58620084 0.00256530 0.00386236
2 0.22388060 0.58672753 0.00233209 0.00351124
2 0.19939366 0.58865871 0.00419776 0.00596910
2 0.19309701 0.58848315 0.00233209 0.00351124
2 0.18528451 0.59023876 0.00209888 0.00351124
2 0.26294310 0.59129213 0.00303172 0.00280899
2 0.26877332 0.59252107 0.00256530 0.00316011
2 0.19881063 0.59533006 0.00349813 0.00596910
2 0.26014459 0.59410112 0.00209888 0.00351124
2 0.27320429 0.60533708 0.00676306 0.00772472
2 0.26784049 0.60621489 0.00163246 0.00316011
2 0.41382929 0.68521770 0.01609142 0.01228933
2 0.34060168 0.68872893 0.00583022 0.00667135
2 0.36065765 0.69856039 0.00349813 0.00526685
2 0.29395989 0.70488062 0.00956157 0.01158708
2 0.34736474 0.70382725 0.00349813 0.00526685
2 0.35027985 0.70488062 0.00186567 0.00386236
2 0.37150187 0.70926966 0.00326493 0.00421348
2 0.28008396 0.72173455 0.01958955 0.02563202
2 0.29395989 0.72015449 0.00303172 0.00351124
2 0.37255131 0.72331461 0.00536381 0.00772472
2 0.28416511 0.72875702 0.01236007 0.01580056
2 0.32252799 0.77176966 0.00233209 0.00561798
2 0.41266325 0.80091292 0.00536381 0.00983146
2 0.42175840 0.81179775 0.00489739 0.01053371
2 0.41266325 0.81846910 0.00303172 0.00280899
2 0.42059235 0.83058287 0.00209888 0.00245787
2 0.43750000 0.83286517 0.00186567 0.00351124
2 0.44589552 0.84164326 0.00792910 0.02106742
2 0.44006530 0.83795646 0.00326493 0.00667135
2 0.43143657 0.84410112 0.00233209 0.00842697
2 0.45265858 0.84954354 0.00652985 0.00877809
2 0.42840485 0.84971910 0.00186567 0.00351124
2 0.42024254 0.85323034 0.00419776 0.00561798
2 0.43353545 0.85410815 0.00186567 0.00316011
2 0.52541978 0.85814607 0.00559701 0.00632022
2 0.42828825 0.85797051 0.00209888 0.00316011
2 0.42432369 0.86288624 0.00349813 0.00456461
2 0.54337687 0.86376404 0.00326493 0.00561798
2 0.52751866 0.86657303 0.00559701 0.00842697
2 0.39505597 0.87201545 0.00373134 0.01369382
2 0.38666045 0.86920646 0.00513060 0.00386236
2 0.42583955 0.86938202 0.00186567 0.00351124
2 0.51970616 0.87693118 0.00303172 0.00526685
2 0.54815765 0.87938904 0.00769590 0.01018258
2 0.45114272 0.87833567 0.00489739 0.00596910
2 0.46280317 0.87991573 0.00396455 0.00491573
2 0.35797575 0.88711376 0.00513060 0.00456461
2 0.39412313 0.88992275 0.00279851 0.00175562
2 0.36567164 0.89360955 0.00373134 0.00632022
2 0.37383396 0.89659410 0.00186567 0.00456461
2 0.39085821 0.89747191 0.00233209 0.00280899
2 0.38596082 0.91221910 0.00279851 0.00491573
2 0.53369869 0.91397472 0.00349813 0.00491573
2 0.53358209 0.92257725 0.00233209 0.00456461
