0 0.29675840 0.07672051 0.00583022 0.00948034
0 0.55492071 0.12693118 0.00443097 0.00667135
0 0.43470149 0.12763343 0.00279851 0.00456461
0 0.54559235 0.13009129 0.00349813 0.00596910
0 0.52763526 0.13307584 0.00303172 0.00561798
0 0.75081623 0.13448034 0.00303172 0.00561798
0 0.73973881 0.13851826 0.00419776 0.00737360
0 0.75303172 0.14571629 0.00419776 0.00561798
0 0.49148787 0.17837079 0.00536381 0.00702247
0 0.49137127 0.18644663 0.00279851 0.00421348
0 0.48180970 0.18908006 0.00279851 0.00526685
0 0.33512127 0.35340590 0.00419776 0.00596910
0 0.22994403 0.37025983 0.00279851 0.00526685
0 0.33512127 0.37763343 0.00419776 0.00596910
0 0.27740205 0.39887640 0.00489739 0.00702247
0 0.26900653 0.42099719 0.00349813 0.00561798
0 0.41569496 0.44013343 0.00349813 0.00596910
0 0.43528451 0.46207865 0.00443097 0.00772472
0 0.36333955 0.46120084 0.00279851 0.00456461
0 0.15986474 0.46453652 0.00443097 0.00561798
0 0.21606810 0.51193820 0.00396455 0.00491573
0 0.10914179 0.56039326 0.00326493 0.00561798
0 0.29430970 0.56250000 0.00513060 0.00772472
0 0.19577892 0.59497893 0.00256530 0.00386236
0 0.22912780 0.61867978 0.00769590 0.01123596
0 0.26982276 0.64220506 0.00279851 0.00421348
0 0.29116138 0.64606742 0.00443097 0.00772472
0 0.29384328 0.66063904 0.00513060 0.00456461
0 0.21933302 0.66836376 0.00629664 0.01018258
0 0.27087220 0.67082163 0.00489739 0.00737360
0 0.43598414 0.67240169 0.00583022 0.00912921
0 0.29500933 0.67749298 0.00373134 0.00526685
0 0.36497201 0.71295646 0.00606343 0.00948034
0 0.60086287 0.74420646 0.00396455 0.00596910
0 0.44333022 0.75140449 0.00559701 0.00842697
0 0.37966418 0.76808287 0.00652985 0.00948034
0 0.25711287 0.76720506 0.00349813 0.00632022
0 0.26504198 0.77036517 0.00396455 0.00632022
0 0.37290112 0.77299860 0.00326493 0.00456461
0 0.18225280 0.81548455 0.00303172 0.00526685
0 0.29932369 0.83391854 0.00489739 0.00842697
0 0.20487407 0.84094101 0.00583022 0.00983146
0 0.35599347 0.85516152 0.00583022 0.01018258
0 0.71047108 0.88149579 0.00396455 0.00596910
0 0.34258396 0.94259129 0.00466418 0.00807584
0 0.26749067 0.94856039 0.00606343 0.00667135
1 0.46863340 0.10217697 0.02355410 0.02036517
1 0.41441231 0.10551264 0.00513060 0.00948034
1 0.83535448 0.39834972 0.00839552 0.01158708
1 0.83034049 0.44768258 0.04454291 0.05828652
1 0.37628265 0.44943820 0.01469216 0.01896067
1 0.84409981 0.46260534 0.01795709 0.02422753
1 0.42035914 0.45944522 0.00862873 0.00807584
1 0.16522854 0.49420646 0.00583022 0.01158708
1 0.17397388 0.51158708 0.00326493 0.01193820
1 0.27530317 0.75948034 0.01002799 0.01615169
1 0.37593284 0.80301966 0.01352612 0.01755618
1 0.24451959 0.82830056 0.01375933 0.02738764
1 0.24801772 0.86692416 0.01329291 0.03300562
1 0.26399254 0.86306180 0.01492537 0.02036517
1 0.20615672 0.93591994 0.03544776 0.03827247
1 0.67618937 0.94575140 0.02122201 0.02703652
2 0.24673507 0.08567416 0.00652985 0.00632022
2 0.26259328 0.10340590 0.00419776 0.00526685
2 0.24125466 0.10691713 0.00489739 0.00737360
2 0.40566698 0.33462079 0.00209888 0.00351124
2 0.40461754 0.34129213 0.00186567 0.00351124
2 0.16627799 0.39167837 0.00419776 0.00526685
2 0.42945429 0.40941011 0.01469216 0.02879213
2 0.45347481 0.40221208 0.00209888 0.00596910
2 0.41009795 0.41555478 0.00583022 0.00737360
2 0.44426306 0.41994382 0.00886194 0.01053371
2 0.20650653 0.42029494 0.00209888 0.00351124
2 0.45685634 0.42538624 0.00652985 0.00737360
2 0.43668377 0.42521067 0.00396455 0.00491573
2 0.20930504 0.42679073 0.00256530 0.00526685
2 0.39470616 0.42801966 0.00163246 0.00280899
2 0.42362407 0.43065309 0.00209888 0.00245787
2 0.45382463 0.43240871 0.00186567 0.00526685
2 0.46117071 0.43328652 0.00303172 0.00421348
2 0.45312500 0.44101124 0.00419776 0.00912921
2 0.39388993 0.45593399 0.01072761 0.03686798
2 0.44916045 0.46400983 0.00839552 0.00737360
2 0.39890392 0.48103933 0.01002799 0.03441011
2 0.54745802 0.47015449 0.00489739 0.00842697
2 0.15473414 0.47278792 0.00443097 0.00807584
2 0.24288713 0.47489466 0.00583022 0.00948034
2 0.14552239 0.48718399 0.00839552 0.02352528
2 0.15788246 0.48103933 0.00186567 0.00280899
2 0.38875933 0.48279494 0.00279851 0.00561798
2 0.18866604 0.48490169 0.00839552 0.00842697
2 0.25104944 0.48718399 0.00676306 0.00877809
2 0.16312966 0.48718399 0.00349813 0.00245787
2 0.15275187 0.49561096 0.00279851 0.00316011
2 0.18271922 0.49736657 0.00396455 0.00596910
2 0.19076493 0.49824438 0.00326493 0.00421348
2 0.25897854 0.50105337 0.00629664 0.00772472
2 0.18703358 0.50017556 0.00233209 0.00456461
2 0.15403451 0.50280899 0.00163246 0.00351124
2 0.14855410 0.50754916 0.00699627 0.00456461
2 0.19111474 0.51299157 0.00256530 0.00561798
2 0.18225280 0.51773174 0.00722948 0.00807584
2 0.41604478 0.55547753 0.00279851 0.00351124
2 0.40916511 0.56179775 0.00489739 0.00772472
2 0.40846549 0.57092697 0.00209888 0.00280899
2 0.40438433 0.63570927 0.00279851 0.00386236
2 0.42374067 0.63588483 0.00279851 0.00351124
2 0.41534515 0.64466292 0.00233209 0.00351124
2 0.40998134 0.68346208 0.00419776 0.00737360
2 0.40076959 0.68258427 0.00116604 0.00210674
2 0.41009795 0.70979635 0.00303172 0.00456461
2 0.40321828 0.71997893 0.00326493 0.00877809
2 0.23705690 0.72313904 0.00303172 0.00526685
2 0.23472481 0.90028090 0.00349813 0.00561798
2 0.29804104 0.97682584 0.00792910 0.00702247
3 0.55701959 0.09778792 0.01049440 0.02703652
3 0.18854944 0.41889045 0.02775187 0.05266854
3 0.17723881 0.46664326 0.01492537 0.02247191
3 0.45090951 0.51632725 0.01702425 0.02773876
3 0.44006530 0.67187500 0.01445896 0.03405899
3 0.22178172 0.84884129 0.02985075 0.04740169
3 0.45697295 0.89466292 0.05666978 0.08567416
