0 0.36275653 0.01738062 0.00536381 0.00807584
0 0.56588153 0.17573736 0.00583022 0.00807584
0 0.58080690 0.23016152 0.00303172 0.00456461
0 0.58990205 0.24367978 0.00163246 0.00210674
0 0.63701026 0.25122893 0.00303172 0.00386236
0 0.60739272 0.27299860 0.00443097 0.00807584
0 0.58512127 0.37868680 0.00373134 0.00667135
0 0.61847015 0.39483848 0.00233209 0.00316011
0 0.44146455 0.39676966 0.00279851 0.00491573
0 0.42665578 0.40326545 0.00489739 0.00667135
0 0.78253265 0.42310393 0.00256530 0.00421348
0 0.79792444 0.45523174 0.00303172 0.00456461
0 0.32136194 0.46383427 0.00326493 0.00561798
0 0.71653451 0.47700140 0.00396455 0.00596910
0 0.73915578 0.55793539 0.00256530 0.00351124
0 0.71805037 0.56408006 0.00373134 0.00456461
0 0.62978078 0.56759129 0.00722948 0.01018258
0 0.63899254 0.57794944 0.00326493 0.00421348
0 0.63222948 0.59164326 0.00233209 0.00351124
0 0.70685634 0.61376404 0.00279851 0.00421348
0 0.72166511 0.61815309 0.00443097 0.00596910
0 0.68680037 0.64466292 0.00279851 0.00421348
0 0.40228545 0.65625000 0.00466418 0.00632022
0 0.72364739 0.66221910 0.00326493 0.00561798
0 0.74918377 0.66362360 0.00303172 0.00491573
0 0.46233675 0.68978230 0.00583022 0.00877809
0 0.76270989 0.75825140 0.00583022 0.00948034
1 0.32439366 0.03019663 0.06623134 0.06039326
1 0.58173974 0.31548455 0.02728545 0.03686798
1 0.46816698 0.32303371 0.00489739 0.00842697
1 0.43108675 0.39202949 0.01002799 0.01088483
1 0.39493937 0.42363062 0.00816231 0.00456461
1 0.53276586 0.62166433 0.01329291 0.01369382
1 0.72283116 0.63430478 0.00956157 0.01369382
1 0.15799907 0.71611657 0.03055037 0.06425562
1 0.34946362 0.93574438 0.01189366 0.00842697
2 0.35226213 0.02615871 0.00443097 0.00667135
2 0.57544310 0.17714185 0.00209888 0.00386236
2 0.57206157 0.18381320 0.00233209 0.00316011
2 0.57299440 0.19557584 0.00233209 0.00491573
2 0.64727146 0.26650281 0.00256530 0.00491573
2 0.48204291 0.29424157 0.00513060 0.00491573
2 0.47119869 0.29933287 0.00256530 0.00456461
2 0.48752332 0.30003511 0.00256530 0.00456461
2 0.47807836 0.30143961 0.00326493 0.00386236
2 0.41266325 0.30161517 0.00209888 0.00351124
2 0.41791045 0.30512640 0.00186567 0.00351124
2 0.48285914 0.30547753 0.00303172 0.00351124
2 0.49183769 0.30793539 0.00186567 0.00280899
2 0.44379664 0.31460674 0.00652985 0.00702247
2 0.47901119 0.31688904 0.00279851 0.00456461
2 0.39645522 0.32075140 0.00233209 0.00316011
2 0.48892257 0.32514045 0.00396455 0.00842697
2 0.39458955 0.33075843 0.00652985 0.00491573
2 0.48180970 0.34462781 0.01352612 0.02914326
2 0.47376399 0.33444522 0.00256530 0.00526685
2 0.53148321 0.33567416 0.00326493 0.00491573
2 0.40496735 0.33760534 0.00256530 0.00386236
2 0.49323694 0.34041433 0.00419776 0.00667135
2 0.40123601 0.36358848 0.00862873 0.00456461
2 0.45452425 0.38009129 0.00326493 0.00737360
2 0.48938899 0.38974719 0.00256530 0.00351124
2 0.39832090 0.39308287 0.00233209 0.00316011
2 0.40403451 0.40238764 0.00769590 0.01053371
2 0.48262593 0.40747893 0.00256530 0.00316011
2 0.47143190 0.41450140 0.00722948 0.01018258
2 0.41324627 0.42029494 0.01492537 0.02036517
2 0.49090485 0.42433287 0.01305970 0.02352528
2 0.50594683 0.41555478 0.00489739 0.00596910
2 0.48157649 0.42872191 0.01166045 0.02176966
2 0.53194963 0.42556180 0.00233209 0.00421348
2 0.50384795 0.42573736 0.00209888 0.00316011
2 0.42432369 0.43714888 0.00909515 0.01474719
2 0.43971549 0.43521770 0.00536381 0.00807584
2 0.47119869 0.43960674 0.00676306 0.01053371
2 0.46058769 0.43978230 0.00513060 0.00948034
2 0.45277519 0.44522472 0.00862873 0.01053371
2 0.43213619 0.44241573 0.00373134 0.00351124
2 0.46711754 0.45330056 0.01026119 0.01755618
2 0.48390858 0.44662921 0.00326493 0.00421348
2 0.49836754 0.44768258 0.00419776 0.00491573
2 0.44519590 0.44996489 0.00279851 0.00526685
2 0.53148321 0.44891152 0.00186567 0.00316011
2 0.49323694 0.45997191 0.00792910 0.01825843
2 0.60459422 0.45382725 0.00256530 0.00596910
2 0.52798507 0.46067416 0.00186567 0.00421348
2 0.62453358 0.46102528 0.00233209 0.00351124
2 0.50571362 0.48209270 0.01515858 0.02949438
2 0.53206623 0.47471910 0.00256530 0.00491573
2 0.49113806 0.48349719 0.01259328 0.01474719
2 0.50583022 0.49490871 0.00186567 0.00316011
2 0.54629198 0.50579354 0.00862873 0.02141854
2 0.70988806 0.64694522 0.00279851 0.00456461
2 0.49405317 0.67240169 0.00396455 0.00561798
2 0.72143190 0.68591994 0.00349813 0.00526685
