0 0.65251866 0.05108848 0.00373134 0.00526685
0 0.73274254 0.17082163 0.00279851 0.00456461
0 0.70289179 0.17240169 0.00373134 0.00491573
0 0.70708955 0.17731742 0.00373134 0.00632022
0 0.71338619 0.17608848 0.00233209 0.00316011
0 0.64354011 0.46804775 0.00396455 0.00842697
0 0.58803638 0.48490169 0.00443097 0.00561798
0 0.72971082 0.61481742 0.00466418 0.00632022
0 0.71035448 0.74912219 0.00373134 0.00526685
0 0.18376866 0.78002107 0.00699627 0.01088483
0 0.53066698 0.81091994 0.00349813 0.00456461
0 0.80806903 0.81846910 0.00326493 0.00491573
0 0.71618470 0.83304073 0.00513060 0.00667135
0 0.81005131 0.84269663 0.00256530 0.00421348
0 0.46851679 0.86148174 0.00326493 0.00316011
0 0.50664646 0.92275281 0.00396455 0.00632022
0 0.78241604 0.94575140 0.00326493 0.00526685
1 0.65869869 0.04722612 0.00862873 0.00667135
1 0.19787780 0.13834270 0.01469216 0.02879213
1 0.71571828 0.16292135 0.01212687 0.01966292
1 0.67945429 0.20733848 0.03847948 0.05582865
1 0.32101213 0.37851124 0.01469216 0.01193820
1 0.57742537 0.53862360 0.01119403 0.01264045
1 0.18376866 0.81250000 0.01119403 0.02387640
2 0.32614272 0.06846910 0.00722948 0.00912921
2 0.13048041 0.28476124 0.00489739 0.00632022
2 0.56250000 0.53950140 0.00466418 0.00596910
2 0.56844683 0.55214185 0.02402052 0.02071629
2 0.55363806 0.54494382 0.00279851 0.00561798
2 0.55177239 0.55372191 0.00559701 0.00561798
2 0.58372201 0.55740871 0.00746269 0.01018258
2 0.56145056 0.55740871 0.00489739 0.00807584
2 0.55993470 0.56285112 0.00186567 0.00491573
2 0.57742537 0.56636236 0.00466418 0.00983146
2 0.57252799 0.57145365 0.00746269 0.01369382
2 0.31494869 0.94399579 0.00443097 0.00737360
