0 0.73029384 0.09041433 0.00489739 0.00737360
0 0.42665578 0.25632022 0.00629664 0.00912921
0 0.38596082 0.36534410 0.00466418 0.00596910
0 0.44834422 0.46330758 0.00629664 0.00807584
0 0.42059235 0.50965590 0.00722948 0.01299157
0 0.30363806 0.51527388 0.00606343 0.00877809
0 0.41499534 0.52001404 0.00349813 0.00561798
0 0.74836754 0.59585674 0.00373134 0.00561798
0 0.26527519 0.73419944 0.00396455 0.00561798
0 0.57824160 0.77247191 0.00396455 0.00632022
0 0.67863806 0.80740871 0.00466418 0.00877809
0 0.67910448 0.84480337 0.00513060 0.00912921
0 0.34771455 0.87500000 0.00606343 0.00912921
1 0.34923041 0.43574438 0.00862873 0.01755618
1 0.83395522 0.54757725 0.01399254 0.01509831
1 0.30037313 0.79441713 0.00746269 0.01158708
1 0.21082090 0.95382725 0.00839552 0.00948034
2 0.48390858 0.28107444 0.00466418 0.00596910
2 0.47481343 0.30038624 0.00606343 0.00737360
2 0.82579291 0.29985955 0.00419776 0.00491573
2 0.51037780 0.37587781 0.00256530 0.00596910
2 0.57299440 0.43995787 0.00652985 0.03160112
2 0.37768190 0.44961376 0.00303172 0.00596910
2 0.40520056 0.45084270 0.00443097 0.00702247
2 0.57486007 0.46558989 0.00419776 0.00842697
2 0.17304104 0.47366573 0.00466418 0.00561798
2 0.18190299 0.52001404 0.00513060 0.00632022
2 0.20044310 0.52124298 0.00349813 0.00456461
2 0.22539646 0.55898876 0.00443097 0.00561798
2 0.19601213 0.57443820 0.00303172 0.00351124
2 0.34293377 0.61815309 0.00536381 0.00737360
2 0.25851213 0.64992978 0.00256530 0.00421348
2 0.22784515 0.93644663 0.01399254 0.02598315
2 0.20638993 0.93030197 0.00466418 0.00877809
2 0.24486940 0.96716994 0.00419776 0.00596910
2 0.23997201 0.96822331 0.00186567 0.00245787
