0 0.64214086 0.15150983 0.00396455 0.00596910
0 0.58756996 0.22858146 0.00256530 0.00351124
0 0.59130131 0.24280197 0.00816231 0.01299157
0 0.21431903 0.26790730 0.00373134 0.00561798
0 0.17758862 0.27686096 0.01002799 0.01439607
0 0.14109142 0.28019663 0.00326493 0.00421348
0 0.14470616 0.29160815 0.00349813 0.00456461
0 0.67712220 0.29406601 0.00349813 0.00526685
0 0.68971549 0.42889747 0.00349813 0.00526685
0 0.73437500 0.53528792 0.00373134 0.00596910
0 0.71909981 0.56408006 0.00256530 0.00456461
0 0.67374067 0.62429775 0.00326493 0.00491573
0 0.52845149 0.65958567 0.00326493 0.00526685
0 0.65753265 0.76790730 0.00349813 0.00421348
0 0.66394590 0.79634831 0.00419776 0.00632022
0 0.54780784 0.79810393 0.00466418 0.00632022
0 0.55317164 0.80249298 0.00373134 0.00526685
0 0.66592817 0.80811096 0.00349813 0.00526685
0 0.72411381 0.81618680 0.00419776 0.00667135
0 0.65520056 0.82040028 0.00443097 0.00737360
0 0.51679104 0.85270365 0.00326493 0.00526685
0 0.56075093 0.85761938 0.00583022 0.00737360
0 0.76620802 0.85744382 0.00489739 0.00632022
1 0.12255131 0.29055478 0.00909515 0.01018258
1 0.68621735 0.44645365 0.01142724 0.01369382
1 0.72504664 0.55688202 0.00606343 0.01193820
1 0.51142724 0.83233848 0.01026119 0.01790730
2 0.58022388 0.20365169 0.00373134 0.00772472
2 0.58069030 0.24016854 0.00279851 0.00421348
2 0.50431437 0.29002809 0.00163246 0.00280899
2 0.49312034 0.30986657 0.00536381 0.00807584
2 0.51912313 0.32356039 0.00093284 0.00175562
2 0.51970616 0.32952949 0.00303172 0.00526685
2 0.50991138 0.33321629 0.00209888 0.00351124
2 0.49195429 0.34497893 0.00256530 0.00456461
2 0.50256530 0.34919242 0.00652985 0.00737360
2 0.48985541 0.35165028 0.00396455 0.00526685
2 0.08593750 0.42310393 0.00769590 0.01123596
2 0.07929104 0.42538624 0.00279851 0.00526685
2 0.55387127 0.56618680 0.00466418 0.00807584
3 0.68854944 0.28879916 0.01702425 0.02844101
3 0.78148321 0.80600421 0.02285448 0.04037921
