0 0.43528451 0.02738764 0.00629664 0.01053371
0 0.42817164 0.02861657 0.00279851 0.00456461
0 0.30713619 0.06320225 0.00373134 0.00491573
0 0.57520989 0.09181882 0.00536381 0.00737360
0 0.68516791 0.12412219 0.00513060 0.00807584
0 0.34036847 0.13886938 0.00676306 0.00948034
0 0.71431903 0.16853933 0.00792910 0.01193820
0 0.52390392 0.16906601 0.00349813 0.00596910
0 0.50256530 0.17872191 0.00326493 0.00491573
0 0.57812500 0.18890449 0.00419776 0.00702247
0 0.48542444 0.19715590 0.00489739 0.00737360
0 0.14633862 0.22103230 0.00629664 0.00948034
0 0.57824160 0.23349719 0.00396455 0.00561798
0 0.48041045 0.24262640 0.00233209 0.00421348
0 0.47842817 0.24859551 0.00209888 0.00351124
0 0.75967817 0.25298455 0.00536381 0.00877809
0 0.49416978 0.30670646 0.00186567 0.00316011
0 0.32287780 0.31548455 0.00629664 0.00948034
0 0.59048507 0.31688904 0.00326493 0.00526685
0 0.63234608 0.33128511 0.00489739 0.00737360
0 0.64890392 0.33900983 0.00349813 0.00596910
0 0.69799440 0.35533708 0.00419776 0.00632022
0 0.70184235 0.35955056 0.00396455 0.00632022
0 0.35179571 0.38851826 0.00676306 0.00877809
0 0.79197761 0.39659410 0.00513060 0.00737360
0 0.57357743 0.43188202 0.00303172 0.00632022
0 0.72119869 0.44188904 0.00583022 0.00877809
0 0.65578358 0.45716292 0.00373134 0.00632022
0 0.44927705 0.46962781 0.00303172 0.00526685
0 0.33220616 0.48542837 0.00443097 0.00737360
0 0.33803638 0.48577949 0.00396455 0.00667135
0 0.68050373 0.49403090 0.00233209 0.00280899
0 0.44333022 0.49789326 0.00279851 0.00421348
0 0.50548041 0.50140449 0.00256530 0.00351124
0 0.67082556 0.50649579 0.00256530 0.00386236
0 0.49895056 0.51088483 0.00443097 0.00632022
0 0.67129198 0.51562500 0.00256530 0.00456461
0 0.44379664 0.51685393 0.00326493 0.00561798
0 0.49102146 0.52334972 0.00349813 0.00526685
0 0.55048974 0.52405197 0.00536381 0.00667135
0 0.54174440 0.53932584 0.00279851 0.00421348
0 0.64132463 0.58936096 0.00279851 0.00526685
0 0.53218284 0.60884831 0.00419776 0.00632022
0 0.53917910 0.60919944 0.00466418 0.00772472
0 0.60622668 0.61271067 0.00303172 0.00421348
0 0.64738806 0.64080056 0.00373134 0.00632022
0 0.53253265 0.65045646 0.00256530 0.00386236
0 0.27740205 0.69241573 0.00396455 0.00561798
0 0.55317164 0.70523174 0.00233209 0.00316011
0 0.73915578 0.70698736 0.00396455 0.00667135
0 0.30643657 0.70804073 0.00419776 0.00667135
0 0.75501399 0.76035815 0.00536381 0.00877809
0 0.56576493 0.76000702 0.00466418 0.00596910
0 0.47096549 0.76246489 0.00349813 0.00737360
0 0.64925373 0.76562500 0.00139925 0.00245787
0 0.53871269 0.77124298 0.00279851 0.00316011
0 0.41464552 0.77528090 0.00419776 0.00702247
0 0.64132463 0.77387640 0.00139925 0.00280899
0 0.67805504 0.78757022 0.00349813 0.00632022
0 0.36567164 0.80003511 0.00373134 0.00596910
0 0.52308769 0.80530197 0.00326493 0.00526685
0 0.64260728 0.81144663 0.00443097 0.00632022
0 0.50116604 0.82443820 0.00606343 0.00772472
0 0.61450560 0.83216292 0.00279851 0.00491573
0 0.20277519 0.86042837 0.00676306 0.01088483
0 0.36450560 0.85849719 0.00279851 0.00491573
0 0.51236007 0.86025281 0.00419776 0.00491573
0 0.24708489 0.86323736 0.00489739 0.00737360
0 0.64144123 0.86393961 0.00396455 0.00596910
0 0.46700093 0.86516854 0.00303172 0.00561798
0 0.60937500 0.86885534 0.00373134 0.00596910
0 0.61322295 0.87429775 0.00116604 0.00210674
0 0.49475280 0.87903792 0.00349813 0.00596910
0 0.22516325 0.88079354 0.00349813 0.00596910
0 0.48099347 0.89360955 0.00443097 0.00772472
0 0.66441231 0.91063904 0.00559701 0.00877809
0 0.46933302 0.90993680 0.00209888 0.00316011
0 0.20778918 0.91099017 0.00279851 0.00456461
0 0.66173041 0.92872191 0.00676306 0.01123596
0 0.58861940 0.93293539 0.00233209 0.00421348
1 0.25338153 0.00807584 0.01049440 0.01404494
1 0.31623134 0.08409410 0.01026119 0.01509831
1 0.16791045 0.14764747 0.01212687 0.04318820
1 0.24778451 0.14641854 0.01049440 0.01755618
1 0.45837220 0.17029494 0.00816231 0.00983146
1 0.49533582 0.19188904 0.01399254 0.01439607
1 0.72726213 0.22542135 0.01236007 0.02738764
1 0.69111474 0.22296348 0.00909515 0.01615169
1 0.67140858 0.25280899 0.02238806 0.03932584
1 0.57147854 0.31390449 0.01982276 0.03019663
1 0.58640392 0.32531601 0.00536381 0.01299157
1 0.56669776 0.33040730 0.00746269 0.01264045
1 0.66569496 0.34603230 0.00396455 0.00456461
1 0.68808302 0.37166433 0.02308769 0.03546348
1 0.60331157 0.37956461 0.01166045 0.01685393
1 0.77308769 0.39887640 0.02192164 0.03651685
1 0.53777985 0.40607444 0.01119403 0.01439607
1 0.45265858 0.41976826 0.01772388 0.03125000
1 0.64412313 0.44066011 0.01399254 0.02317416
1 0.56774720 0.43785112 0.00536381 0.01264045
1 0.43365205 0.46400983 0.02168843 0.02984551
1 0.55958489 0.45768961 0.00676306 0.01790730
1 0.46991604 0.49648876 0.01212687 0.01825843
1 0.56623134 0.50105337 0.01445896 0.01685393
1 0.59759795 0.53950140 0.02215485 0.06776685
1 0.56494869 0.53353230 0.00629664 0.01299157
1 0.63246269 0.54090590 0.00559701 0.00456461
1 0.67187500 0.54564607 0.00606343 0.01123596
1 0.61380597 0.54845506 0.01026119 0.00912921
1 0.56261660 0.55547753 0.00956157 0.01966292
1 0.54326026 0.56004213 0.00489739 0.01334270
1 0.61450560 0.56285112 0.00419776 0.01474719
1 0.63083022 0.57619382 0.01305970 0.02949438
1 0.65088619 0.59339888 0.01585821 0.02036517
1 0.62546642 0.61288624 0.01352612 0.02352528
1 0.63456157 0.62763343 0.01119403 0.01509831
1 0.62803172 0.63974719 0.00559701 0.00983146
1 0.57964086 0.65449438 0.00769590 0.00912921
1 0.63467817 0.65835674 0.00536381 0.00772472
1 0.14668843 0.71155197 0.01305970 0.02492978
1 0.38922575 0.71787219 0.01912313 0.02773876
1 0.61905317 0.73261938 0.01702425 0.03686798
1 0.43959888 0.72278792 0.00606343 0.00737360
1 0.58803638 0.75228230 0.02635261 0.01931180
1 0.27751866 0.75684691 0.01772388 0.02703652
1 0.52250466 0.77212079 0.01049440 0.01966292
1 0.50886194 0.83075843 0.00839552 0.01544944
1 0.47796175 0.83988764 0.01749067 0.00912921
1 0.18726679 0.84831461 0.01072761 0.00912921
2 0.26888993 0.01632725 0.00466418 0.00526685
2 0.24323694 0.02545646 0.00326493 0.00877809
2 0.25151586 0.02650983 0.00396455 0.00948034
2 0.26247668 0.04002809 0.00583022 0.01123596
2 0.39120802 0.04125702 0.00303172 0.00807584
2 0.24032183 0.04705056 0.00349813 0.00912921
2 0.24930037 0.04968399 0.01072761 0.01509831
2 0.25944496 0.06074438 0.00256530 0.00421348
2 0.59351679 0.13623596 0.00559701 0.00842697
2 0.47714552 0.13869382 0.00932836 0.00983146
2 0.53451493 0.16116573 0.00279851 0.00561798
2 0.48962220 0.16660815 0.00303172 0.00456461
2 0.48344216 0.16906601 0.00279851 0.00667135
2 0.48390858 0.17538624 0.00279851 0.00456461
2 0.49008862 0.17889747 0.00583022 0.00948034
2 0.47586287 0.18679775 0.00396455 0.00632022
2 0.17315765 0.19557584 0.00349813 0.00912921
2 0.48017724 0.19241573 0.00233209 0.00280899
2 0.48111007 0.20523174 0.00606343 0.00737360
2 0.41359608 0.20997191 0.00489739 0.00702247
2 0.46583489 0.22155899 0.00489739 0.01334270
2 0.41336287 0.21945225 0.00396455 0.00632022
2 0.16861007 0.22349017 0.00326493 0.01088483
2 0.45755597 0.24613764 0.00373134 0.00561798
2 0.52845149 0.25825140 0.00419776 0.00807584
2 0.51958955 0.27018961 0.00746269 0.01650281
2 0.51644123 0.28142556 0.00209888 0.00316011
2 0.50618004 0.28985253 0.00536381 0.00737360
2 0.51329291 0.28985253 0.00233209 0.00456461
2 0.52973414 0.31548455 0.01282649 0.03054775
2 0.54839086 0.31372893 0.00443097 0.01580056
2 0.54874067 0.33532303 0.00233209 0.00632022
2 0.48064366 0.33409410 0.00186567 0.00245787
2 0.44997668 0.33830758 0.00256530 0.00877809
2 0.61019123 0.34164326 0.00629664 0.01123596
2 0.40065299 0.34094101 0.00466418 0.00772472
2 0.43225280 0.34691011 0.00536381 0.00702247
2 0.44368004 0.34884129 0.00536381 0.00948034
2 0.61392257 0.35200140 0.00489739 0.00877809
2 0.42339086 0.36007725 0.01422575 0.01158708
2 0.48635728 0.36025281 0.00209888 0.00351124
2 0.38887593 0.36762640 0.00349813 0.00561798
2 0.44717817 0.36639747 0.00209888 0.00316011
2 0.56634795 0.36674860 0.00303172 0.00456461
2 0.44986007 0.37500000 0.00373134 0.01193820
2 0.38654384 0.39255618 0.02635261 0.03792135
2 0.46420243 0.37974017 0.00349813 0.00526685
2 0.46968284 0.38483146 0.00699627 0.01474719
2 0.56634795 0.38096910 0.00303172 0.00561798
2 0.58022388 0.38184691 0.00326493 0.00807584
2 0.64330690 0.38922051 0.00583022 0.02071629
2 0.49626866 0.38606039 0.00279851 0.00737360
2 0.49405317 0.39167837 0.00536381 0.00526685
2 0.48833955 0.39202949 0.00233209 0.00316011
2 0.66604478 0.39782303 0.00932836 0.01404494
2 0.47154851 0.39712079 0.00279851 0.00351124
2 0.48973881 0.40905899 0.01445896 0.02598315
2 0.49895056 0.40431882 0.00722948 0.01509831
2 0.47924440 0.40519663 0.00326493 0.00772472
2 0.51947295 0.41836376 0.00769590 0.02422753
2 0.67432369 0.41432584 0.00956157 0.01544944
2 0.50652985 0.43065309 0.01539179 0.03265449
2 0.58069030 0.42222612 0.00233209 0.00456461
2 0.36648787 0.42889747 0.00722948 0.01018258
2 0.53544776 0.44259129 0.03125000 0.03757022
2 0.48519123 0.43820225 0.02495336 0.02668539
2 0.61100746 0.43521770 0.00606343 0.00948034
2 0.37383396 0.43697331 0.00606343 0.00948034
2 0.38805970 0.44241573 0.01305970 0.01053371
2 0.51410914 0.43978230 0.00349813 0.00456461
2 0.57987407 0.44452247 0.00303172 0.00491573
2 0.51667444 0.45523174 0.00909515 0.02352528
2 0.58756996 0.45716292 0.01469216 0.02317416
2 0.57695896 0.44838483 0.00279851 0.00280899
2 0.38164646 0.45663624 0.00443097 0.00877809
2 0.54477612 0.45470506 0.00233209 0.00351124
2 0.61229011 0.45435393 0.00209888 0.00280899
2 0.49790112 0.45681180 0.00186567 0.00351124
2 0.60844216 0.45663624 0.00233209 0.00316011
2 0.54221082 0.45909410 0.00233209 0.00386236
2 0.60401119 0.45926966 0.00186567 0.00351124
2 0.48495802 0.46102528 0.00256530 0.00421348
2 0.55177239 0.46172753 0.00233209 0.00351124
2 0.54559235 0.46295646 0.00209888 0.00456461
2 0.55457090 0.46313202 0.00233209 0.00421348
2 0.52868470 0.46822331 0.00233209 0.00316011
2 0.41359608 0.47050562 0.00209888 0.00421348
2 0.47656250 0.47015449 0.00163246 0.00280899
2 0.52308769 0.47033006 0.00326493 0.00386236
2 0.56098414 0.46997893 0.00209888 0.00316011
2 0.47399720 0.47823034 0.00349813 0.00842697
2 0.53439832 0.47893258 0.00163246 0.00351124
2 0.41033116 0.48068820 0.00349813 0.00561798
2 0.51702425 0.48121489 0.00419776 0.00737360
2 0.53719683 0.47998596 0.00163246 0.00280899
2 0.36100746 0.48841292 0.00419776 0.00772472
2 0.59526586 0.48718399 0.00256530 0.00456461
2 0.65858209 0.49613764 0.01072761 0.02036517
2 0.38817631 0.49561096 0.01096082 0.01228933
2 0.62954757 0.49420646 0.00303172 0.00667135
2 0.40974813 0.52264747 0.03591418 0.05091292
2 0.64552239 0.49929775 0.00279851 0.00421348
2 0.66441231 0.50877809 0.00186567 0.00280899
2 0.51259328 0.51738062 0.01119403 0.01720506
2 0.38584422 0.51896067 0.00816231 0.01755618
2 0.37115205 0.52089185 0.02028918 0.02071629
2 0.63467817 0.51369382 0.00256530 0.00421348
2 0.64890392 0.51509831 0.00163246 0.00210674
2 0.52996735 0.52510534 0.01562500 0.02001404
2 0.63572761 0.51650281 0.00186567 0.00210674
2 0.64482276 0.52475421 0.00979478 0.01018258
2 0.63887593 0.52264747 0.00163246 0.00386236
2 0.32416045 0.53054775 0.00513060 0.00772472
2 0.34794776 0.53985253 0.01259328 0.02001404
2 0.65228545 0.53932584 0.00279851 0.00351124
2 0.65858209 0.54073034 0.00466418 0.00491573
2 0.52880131 0.54108146 0.00583022 0.00421348
2 0.65123601 0.54353933 0.00209888 0.00351124
2 0.64470616 0.56109551 0.01888993 0.03581461
2 0.46805037 0.54985955 0.00233209 0.00351124
2 0.54652519 0.55161517 0.00396455 0.00702247
2 0.36135728 0.55477528 0.00769590 0.01264045
2 0.49393657 0.55354635 0.00279851 0.00948034
2 0.48204291 0.55512640 0.00373134 0.00421348
2 0.53568097 0.55530197 0.00373134 0.00456461
2 0.47178172 0.55723315 0.00466418 0.00561798
2 0.47609608 0.55688202 0.00163246 0.00280899
2 0.35144590 0.55916433 0.00419776 0.00596910
2 0.46571828 0.56004213 0.00186567 0.00632022
2 0.34526586 0.56197331 0.00396455 0.00456461
2 0.66534515 0.56232444 0.00279851 0.00456461
2 0.46210354 0.62061096 0.05340485 0.12043539
2 0.50606343 0.56267556 0.00279851 0.00386236
2 0.45673974 0.56337781 0.00303172 0.00386236
2 0.48530784 0.56495787 0.00233209 0.00351124
2 0.46373601 0.56618680 0.00256530 0.00386236
2 0.44811101 0.57092697 0.00349813 0.00983146
2 0.50221549 0.56794242 0.00209888 0.00316011
2 0.35004664 0.56917135 0.00233209 0.00491573
2 0.51387593 0.56829354 0.00209888 0.00105337
2 0.50827892 0.57391152 0.00676306 0.00807584
2 0.66312966 0.57215590 0.00536381 0.00526685
2 0.48997201 0.57496489 0.00466418 0.00877809
2 0.65543377 0.57303371 0.00256530 0.00421348
2 0.46420243 0.57408708 0.00443097 0.00421348
2 0.34958022 0.57443820 0.00186567 0.00351124
2 0.51562500 0.57443820 0.00233209 0.00351124
2 0.64657183 0.57900281 0.00349813 0.00842697
2 0.45708955 0.57830056 0.00419776 0.00491573
2 0.34666511 0.58163624 0.00349813 0.00737360
2 0.35447761 0.57988062 0.00233209 0.00386236
2 0.50396455 0.57935393 0.00186567 0.00280899
2 0.50116604 0.58058287 0.00233209 0.00386236
2 0.56763060 0.58830758 0.00419776 0.00807584
2 0.34736474 0.58813202 0.00209888 0.00280899
2 0.52052239 0.58918539 0.00373134 0.00491573
2 0.60797575 0.58953652 0.00233209 0.00491573
2 0.58453825 0.59076545 0.00209888 0.00386236
2 0.44169776 0.59743680 0.00326493 0.00948034
2 0.57054571 0.59585674 0.00256530 0.00561798
2 0.45009328 0.59515449 0.00233209 0.00280899
2 0.56984608 0.60323034 0.01236007 0.01264045
2 0.58547108 0.60252809 0.00209888 0.00351124
2 0.68260261 0.60568820 0.00233209 0.00351124
2 0.33173974 0.60884831 0.01049440 0.00772472
2 0.65158582 0.61130618 0.00559701 0.00842697
2 0.66709422 0.61745084 0.00862873 0.01228933
2 0.32404384 0.61832865 0.00722948 0.01193820
2 0.57194496 0.62271770 0.00676306 0.01018258
2 0.51224347 0.62605337 0.00443097 0.00561798
2 0.58453825 0.62710674 0.00583022 0.00632022
2 0.08547108 0.62938904 0.00396455 0.01018258
2 0.54745802 0.62763343 0.00256530 0.00316011
2 0.58010728 0.63518258 0.01189366 0.01825843
2 0.50268190 0.62816011 0.00209888 0.00280899
2 0.65823228 0.63465590 0.01189366 0.01509831
2 0.51690765 0.62868680 0.00116604 0.00175562
2 0.43458489 0.64009831 0.01562500 0.02247191
2 0.51550840 0.63132022 0.00116604 0.00210674
2 0.51958955 0.63500702 0.00279851 0.00596910
2 0.52938433 0.63641152 0.00326493 0.00316011
2 0.60471082 0.64834972 0.02005597 0.02282303
2 0.50839552 0.64150281 0.00699627 0.00491573
2 0.52903451 0.64325843 0.00256530 0.00421348
2 0.65216884 0.64852528 0.00489739 0.00772472
2 0.50839552 0.65835674 0.00932836 0.02036517
2 0.65834888 0.65256320 0.00186567 0.00456461
2 0.66138060 0.65308989 0.00326493 0.00421348
2 0.41977612 0.66221910 0.01632463 0.01544944
2 0.52273787 0.65747893 0.00163246 0.00245787
2 0.47889459 0.66099017 0.00536381 0.00807584
2 0.66849347 0.66204354 0.00303172 0.00948034
2 0.52472015 0.66046348 0.00233209 0.00421348
2 0.51760728 0.66116573 0.00256530 0.00280899
2 0.43318563 0.66169242 0.00349813 0.00316011
2 0.66499534 0.66309691 0.00349813 0.00526685
2 0.61695429 0.69382022 0.03055037 0.05898876
2 0.53148321 0.66801264 0.00746269 0.00526685
2 0.67374067 0.66818820 0.00233209 0.00491573
2 0.51877332 0.66836376 0.00163246 0.00386236
2 0.57322761 0.67415730 0.00792910 0.01264045
2 0.48344216 0.67047051 0.00699627 0.00386236
2 0.59479944 0.67959972 0.00536381 0.01299157
2 0.60132929 0.67696629 0.00303172 0.00702247
2 0.46303638 0.67679073 0.00303172 0.00526685
2 0.64738806 0.68030197 0.00419776 0.00877809
2 0.46711754 0.67801966 0.00186567 0.00280899
2 0.51947295 0.68170646 0.00303172 0.00386236
2 0.65123601 0.68574438 0.00396455 0.01053371
2 0.63479478 0.68855337 0.00932836 0.01264045
2 0.65986474 0.68820225 0.00303172 0.00351124
2 0.47691231 0.69083567 0.00233209 0.00456461
2 0.65578358 0.69101124 0.00279851 0.00491573
2 0.46805037 0.69926264 0.01912313 0.01790730
2 0.47516325 0.69540028 0.00303172 0.00316011
2 0.48076026 0.69557584 0.00163246 0.00280899
2 0.59340019 0.69698034 0.00163246 0.00421348
2 0.65741604 0.70207163 0.00419776 0.00667135
2 0.13327892 0.71120084 0.01375933 0.02352528
2 0.66219683 0.70172051 0.00349813 0.00386236
2 0.48274254 0.70540730 0.00326493 0.00912921
2 0.64587220 0.70628511 0.00862873 0.01088483
2 0.60284515 0.71207865 0.01352612 0.01966292
2 0.61648787 0.70628511 0.00303172 0.00456461
2 0.58955224 0.70926966 0.00513060 0.00983146
2 0.11916978 0.71225421 0.00792910 0.01369382
2 0.46373601 0.70997191 0.00256530 0.00280899
2 0.48076026 0.71313202 0.00209888 0.00280899
2 0.59433302 0.71313202 0.00209888 0.00351124
2 0.44846082 0.71523876 0.00326493 0.00561798
2 0.46373601 0.71980337 0.00862873 0.01474719
2 0.62068563 0.71875000 0.00209888 0.00421348
2 0.47877799 0.72629916 0.00606343 0.01228933
2 0.60331157 0.72401685 0.00139925 0.00421348
2 0.59584888 0.72840590 0.00186567 0.00386236
2 0.60529384 0.72893258 0.00163246 0.00351124
2 0.74766791 0.72928371 0.00373134 0.00491573
2 0.35144590 0.73261938 0.00419776 0.00667135
2 0.59211754 0.73244382 0.00279851 0.00421348
2 0.47854478 0.73771067 0.00559701 0.01123596
2 0.47224813 0.73490169 0.00326493 0.00351124
2 0.36578825 0.74192416 0.00396455 0.01264045
2 0.46991604 0.74262640 0.00839552 0.01123596
2 0.58990205 0.74122191 0.00256530 0.00421348
2 0.47411381 0.74578652 0.00233209 0.00491573
2 0.73122668 0.74719101 0.00349813 0.00491573
2 0.46560168 0.74824438 0.00209888 0.00280899
2 0.47807836 0.74912219 0.00606343 0.00386236
2 0.47947761 0.75333567 0.00233209 0.00456461
2 0.47761194 0.75737360 0.00139925 0.00280899
2 0.63013060 0.75912921 0.00419776 0.00702247
2 0.48017724 0.76492275 0.00559701 0.00877809
2 0.57486007 0.77124298 0.00606343 0.01018258
2 0.59666511 0.78353230 0.01049440 0.02492978
2 0.40298507 0.77457865 0.00373134 0.00561798
2 0.49743470 0.77686096 0.00233209 0.01018258
2 0.39260728 0.77966994 0.00396455 0.00596910
2 0.46560168 0.78476124 0.00676306 0.00912921
2 0.47504664 0.78774579 0.00746269 0.01088483
2 0.58092351 0.78669242 0.00326493 0.00386236
2 0.56436567 0.78774579 0.00233209 0.00526685
2 0.56868004 0.78792135 0.00209888 0.00351124
2 0.59223414 0.79353933 0.00583022 0.01123596
2 0.44822761 0.80354635 0.00699627 0.02492978
2 0.46805037 0.79266152 0.00373134 0.00386236
2 0.47796175 0.79424157 0.00583022 0.00702247
2 0.57800840 0.80688202 0.02821828 0.02949438
2 0.55153918 0.79564607 0.00326493 0.00561798
2 0.48169310 0.80512640 0.00303172 0.01264045
2 0.45837220 0.80811096 0.00209888 0.00596910
2 0.43878265 0.81232444 0.00209888 0.00456461
2 0.55643657 0.81267556 0.00139925 0.00245787
2 0.44321362 0.82215590 0.00816231 0.01790730
2 0.55573694 0.82004916 0.00233209 0.00737360
2 0.56378265 0.81864466 0.00116604 0.00316011
2 0.43423507 0.81969803 0.00373134 0.00386236
2 0.57684235 0.82672051 0.00816231 0.01088483
2 0.58547108 0.83110955 0.00722948 0.01123596
2 0.56879664 0.84129213 0.02098881 0.02808989
2 0.53614739 0.83075843 0.00186567 0.00210674
2 0.58080690 0.85217697 0.00629664 0.01264045
2 0.73705690 0.85533708 0.00396455 0.00632022
2 0.48402519 0.86007725 0.01142724 0.01439607
2 0.54465951 0.86218399 0.00536381 0.01860955
2 0.56191698 0.86323736 0.00536381 0.02071629
2 0.54979011 0.86130618 0.00536381 0.01404494
2 0.56926306 0.86253511 0.00699627 0.01650281
2 0.55631996 0.86622191 0.00396455 0.00772472
2 0.51912313 0.87341994 0.00419776 0.00737360
2 0.52763526 0.87412219 0.00209888 0.00526685
2 0.49102146 0.87570225 0.00303172 0.00491573
2 0.54512593 0.87710674 0.00163246 0.00421348
2 0.51457556 0.88114466 0.00489739 0.01018258
2 0.53603078 0.87956461 0.00303172 0.00772472
2 0.50816231 0.88149579 0.00279851 0.00456461
2 0.53311567 0.88904494 0.00233209 0.00351124
2 0.51259328 0.88974719 0.00233209 0.00421348
