0 0.45277519 0.05056180 0.00396455 0.00491573
0 0.21525187 0.26808287 0.00559701 0.00807584
0 0.20848881 0.27773876 0.00652985 0.00772472
0 0.09806437 0.48981742 0.00443097 0.00632022
0 0.09538246 0.50035112 0.00419776 0.00561798
0 0.49451959 0.61341292 0.00489739 0.00632022
0 0.53591418 0.76000702 0.00279851 0.00386236
1 0.23402519 0.31548455 0.01096082 0.02352528
1 0.23134328 0.55933989 0.01072761 0.00983146
2 0.30282183 0.22261236 0.00443097 0.00842697
2 0.27623601 0.23349719 0.00303172 0.00561798
2 0.32929104 0.25052669 0.01119403 0.01860955
2 0.27098881 0.25368680 0.01026119 0.00877809
2 0.24615205 0.26457163 0.00583022 0.01860955
2 0.27483675 0.26422051 0.00489739 0.00877809
2 0.28533116 0.27896770 0.00443097 0.00948034
2 0.30562034 0.28581461 0.00956157 0.01264045
2 0.31040112 0.30670646 0.00979478 0.02422753
2 0.25781250 0.30933989 0.00629664 0.01755618
2 0.31937966 0.31197331 0.00443097 0.01439607
2 0.43470149 0.39273174 0.01166045 0.01790730
2 0.07392724 0.39431180 0.00466418 0.02036517
2 0.09514925 0.40115871 0.00373134 0.00877809
2 0.08220616 0.41555478 0.00722948 0.01580056
2 0.09946362 0.41555478 0.00396455 0.00877809
2 0.21361940 0.42889747 0.00652985 0.02352528
2 0.24556903 0.42889747 0.00466418 0.01439607
2 0.14878731 0.42907303 0.01026119 0.01264045
2 0.25478078 0.44329354 0.01236007 0.04108146
2 0.20615672 0.43082865 0.00559701 0.01123596
2 0.19799440 0.43240871 0.00513060 0.01158708
2 0.19169776 0.45347612 0.01259328 0.03265449
2 0.42770522 0.46962781 0.01445896 0.01650281
2 0.23437500 0.47823034 0.02005597 0.02317416
2 0.16301306 0.48174157 0.01819030 0.01264045
2 0.14330690 0.48911517 0.01749067 0.02036517
2 0.19636194 0.48771067 0.00419776 0.00561798
2 0.18924907 0.50158006 0.01609142 0.02352528
2 0.17444030 0.50105337 0.00419776 0.00842697
2 0.15228545 0.51369382 0.03264925 0.02668539
2 0.18073694 0.51632725 0.00419776 0.00596910
2 0.13852612 0.52598315 0.00652985 0.01474719
2 0.13118004 0.52721208 0.00583022 0.00807584
2 0.14528918 0.53160112 0.00466418 0.00912921
2 0.14237407 0.53915028 0.00489739 0.00526685
2 0.49242071 0.67187500 0.00536381 0.00737360
