0 0.48694030 0.01070927 0.00419776 0.00667135
0 0.56949627 0.02071629 0.00699627 0.00912921
0 0.51807369 0.03546348 0.00256530 0.00351124
0 0.32637593 0.04740169 0.00303172 0.00421348
0 0.33873601 0.05161517 0.00256530 0.00351124
0 0.53591418 0.07162921 0.00279851 0.00421348
0 0.57579291 0.07391152 0.00373134 0.00596910
0 0.63619403 0.07461376 0.00326493 0.00456461
0 0.42502332 0.07847612 0.00209888 0.00316011
0 0.53696362 0.08216292 0.00443097 0.00702247
0 0.72166511 0.10059691 0.00349813 0.00526685
0 0.32241138 0.11095506 0.00256530 0.00351124
0 0.58570429 0.13360253 0.00536381 0.00877809
0 0.26702425 0.15730337 0.00373134 0.00491573
0 0.32264459 0.17047051 0.00256530 0.00456461
0 0.20300840 0.21576545 0.00443097 0.00596910
0 0.41662780 0.23314607 0.00583022 0.00842697
0 0.17747201 0.25158006 0.00373134 0.00526685
0 0.42758862 0.25614466 0.00349813 0.00596910
0 0.16009795 0.25948034 0.00583022 0.00912921
0 0.13934235 0.27896770 0.00443097 0.00807584
0 0.43738340 0.28037219 0.00489739 0.00737360
0 0.45079291 0.30986657 0.00279851 0.00456461
0 0.43201959 0.31601124 0.00209888 0.00351124
0 0.44612873 0.31759129 0.00419776 0.00526685
0 0.73262593 0.32584270 0.00443097 0.00632022
0 0.45195896 0.32865169 0.00233209 0.00351124
0 0.73041045 0.33233848 0.00419776 0.00596910
0 0.32031250 0.40554775 0.00349813 0.00491573
0 0.52518657 0.40818118 0.00233209 0.00316011
0 0.26410914 0.41099017 0.00443097 0.00526685
0 0.52553638 0.41625702 0.00163246 0.00245787
0 0.28125000 0.41924157 0.00186567 0.00280899
0 0.72014925 0.43188202 0.00186567 0.00280899
0 0.28031716 0.43574438 0.00233209 0.00421348
0 0.28579757 0.44188904 0.00303172 0.00456461
0 0.53043377 0.44469803 0.00396455 0.00596910
0 0.29314366 0.44698034 0.00326493 0.00561798
0 0.40030317 0.49771770 0.00256530 0.00456461
0 0.40916511 0.50632022 0.00303172 0.00491573
0 0.58628731 0.52808989 0.00279851 0.00421348
0 0.25000000 0.53177669 0.00326493 0.00526685
0 0.14890392 0.59006320 0.00256530 0.00386236
0 0.22493004 0.59655899 0.00256530 0.00421348
0 0.23938899 0.59708567 0.00303172 0.00456461
0 0.13409515 0.60709270 0.00373134 0.00632022
0 0.15764925 0.62851124 0.00233209 0.00421348
0 0.27623601 0.63254916 0.00536381 0.00456461
0 0.27425373 0.64132725 0.00326493 0.00386236
0 0.25419776 0.64817416 0.00233209 0.00351124
0 0.27891791 0.65589888 0.00279851 0.00421348
0 0.23180970 0.65765449 0.00233209 0.00351124
0 0.12441698 0.66221910 0.00256530 0.00421348
0 0.20067631 0.66906601 0.00256530 0.00456461
0 0.19647854 0.68065309 0.00256530 0.00386236
0 0.30200560 0.68714888 0.00233209 0.00351124
0 0.32089552 0.69346910 0.00326493 0.00561798
0 0.15030317 0.69557584 0.00256530 0.00421348
0 0.28043377 0.71137640 0.00443097 0.00561798
0 0.33150653 0.72524579 0.00349813 0.00526685
0 0.37068563 0.72945927 0.00349813 0.00526685
0 0.14062500 0.73648174 0.00326493 0.00596910
0 0.33337220 0.77018961 0.00396455 0.00526685
0 0.45382463 0.77773876 0.00373134 0.00561798
0 0.41709422 0.78493680 0.00629664 0.00948034
0 0.22936101 0.79880618 0.00583022 0.00772472
0 0.71641791 0.81829354 0.00419776 0.00667135
0 0.36030784 0.81987360 0.00233209 0.00421348
0 0.41336287 0.81987360 0.00256530 0.00351124
0 0.40846549 0.82514045 0.00396455 0.00561798
0 0.19916045 0.82830056 0.00093284 0.00140449
0 0.21338619 0.84216994 0.00373134 0.00526685
0 0.25513060 0.84216994 0.00466418 0.00596910
0 0.50687966 0.84445225 0.00303172 0.00491573
0 0.75198228 0.85498596 0.00489739 0.00983146
0 0.75384795 0.86499298 0.00489739 0.00737360
0 0.65473414 0.87096208 0.00536381 0.00877809
0 0.19391325 0.90466994 0.00303172 0.00456461
0 0.52635261 0.90818118 0.00373134 0.00526685
0 0.56716418 0.94961376 0.00466418 0.00596910
0 0.42828825 0.98490169 0.00396455 0.00491573
0 0.42339086 0.99087079 0.00489739 0.00772472
1 0.62628265 0.03054775 0.01002799 0.01615169
1 0.49930037 0.07198034 0.01119403 0.00983146
1 0.71758396 0.08251404 0.00979478 0.01615169
1 0.30573694 0.10059691 0.01585821 0.01158708
1 0.35097948 0.11025281 0.01819030 0.01334270
1 0.20872201 0.11569522 0.00979478 0.00948034
1 0.70580690 0.13904494 0.00396455 0.01755618
1 0.38561101 0.16766152 0.02308769 0.00877809
1 0.78859608 0.18767556 0.02448694 0.02773876
1 0.32206157 0.18609551 0.01072761 0.01755618
1 0.20802239 0.19469803 0.01958955 0.02071629
1 0.24253731 0.20488062 0.02052239 0.02563202
1 0.32754198 0.22419242 0.04594216 0.06285112
1 0.38794310 0.23103933 0.02308769 0.04845506
1 0.20557369 0.22717697 0.01096082 0.00912921
1 0.21641791 0.27229635 0.00513060 0.01580056
1 0.37056903 0.29459270 0.03078358 0.05056180
1 0.31133396 0.31232444 0.01725746 0.02844101
1 0.34106810 0.33198736 0.04221082 0.03686798
1 0.41382929 0.40291433 0.01142724 0.02141854
1 0.22166511 0.42643961 0.00629664 0.00948034
1 0.22679571 0.44188904 0.01282649 0.02071629
1 0.32532649 0.50614466 0.00979478 0.01369382
1 0.20277519 0.56091994 0.00676306 0.00877809
1 0.21501866 0.61569522 0.00652985 0.00877809
1 0.31879664 0.62798455 0.04011194 0.02844101
1 0.21058769 0.63676264 0.01819030 0.01650281
1 0.23787313 0.64483848 0.00652985 0.00948034
1 0.20720616 0.66695927 0.01189366 0.01439607
1 0.24451959 0.68170646 0.01002799 0.01018258
1 0.23472481 0.68750000 0.00722948 0.02036517
1 0.25011660 0.72787921 0.03614739 0.07022472
1 0.22621269 0.71190309 0.00979478 0.02703652
1 0.34899720 0.73209270 0.00862873 0.00912921
1 0.22842817 0.75140449 0.01236007 0.01825843
1 0.43831623 0.75158006 0.00676306 0.00386236
1 0.73460821 0.83497191 0.01632463 0.09831461
1 0.32474347 0.83198736 0.01515858 0.01369382
1 0.18295243 0.84216994 0.00722948 0.00667135
1 0.52040578 0.86745084 0.00769590 0.02141854
1 0.52915112 0.86674860 0.00559701 0.01790730
1 0.42339086 0.88816713 0.00956157 0.01509831
1 0.59713153 0.96260534 0.11777052 0.06846910
1 0.40706623 0.95417837 0.04547575 0.03125000
2 0.40939832 0.00877809 0.00349813 0.00561798
2 0.41371269 0.01808287 0.00652985 0.01860955
2 0.40216884 0.01615169 0.00443097 0.00561798
2 0.37709888 0.02212079 0.00466418 0.01264045
2 0.37266791 0.03107444 0.00513060 0.00596910
2 0.38164646 0.03212781 0.00443097 0.00737360
2 0.39680504 0.03844803 0.00909515 0.01860955
2 0.38467817 0.03932584 0.00489739 0.00561798
2 0.38899254 0.04055478 0.00139925 0.00316011
2 0.66382929 0.04722612 0.00303172 0.00737360
2 0.62173507 0.04792837 0.00233209 0.00386236
2 0.39972015 0.05389747 0.00233209 0.00526685
2 0.41114739 0.07320927 0.00373134 0.00667135
2 0.38176306 0.07356039 0.00513060 0.00596910
2 0.25967817 0.08479635 0.00443097 0.00667135
2 0.61683769 0.08374298 0.00513060 0.00456461
2 0.62115205 0.09445225 0.00629664 0.00632022
2 0.55783582 0.10059691 0.00559701 0.01088483
2 0.53696362 0.11183287 0.00256530 0.00386236
2 0.69356343 0.11534410 0.00233209 0.00526685
2 0.57311101 0.11569522 0.00209888 0.00386236
2 0.54804104 0.11727528 0.00373134 0.00491573
2 0.55993470 0.11938202 0.00233209 0.00351124
2 0.30701959 0.12183989 0.00163246 0.00280899
2 0.69309701 0.12306882 0.00326493 0.00526685
2 0.43085354 0.12306882 0.00349813 0.00456461
2 0.32730877 0.12956461 0.00349813 0.00772472
2 0.41382929 0.13184691 0.00583022 0.00877809
2 0.25652985 0.14167837 0.00186567 0.00316011
2 0.25501399 0.14852528 0.00769590 0.00983146
2 0.23962220 0.15326545 0.01422575 0.01439607
2 0.29361007 0.15308989 0.00186567 0.00351124
2 0.28043377 0.15625000 0.00163246 0.00351124
2 0.27646922 0.15993680 0.00396455 0.00667135
2 0.77472015 0.15853230 0.00326493 0.00316011
2 0.28416511 0.16011236 0.00303172 0.00280899
2 0.44729478 0.16186798 0.00279851 0.00561798
2 0.24253731 0.17029494 0.00792910 0.01404494
2 0.26935634 0.16555478 0.00279851 0.00456461
2 0.23122668 0.16748596 0.00256530 0.00351124
2 0.45755597 0.18311096 0.01212687 0.02352528
2 0.24895056 0.17345506 0.00209888 0.00280899
2 0.25361474 0.17468399 0.00163246 0.00386236
2 0.24825093 0.18065309 0.00303172 0.00456461
2 0.25291511 0.18381320 0.00209888 0.00316011
2 0.44204757 0.18750000 0.00489739 0.01053371
2 0.47726213 0.18591994 0.00303172 0.00596910
2 0.47003265 0.18679775 0.00209888 0.00351124
2 0.25559701 0.18820225 0.00233209 0.00561798
2 0.31681437 0.19013343 0.00209888 0.00526685
2 0.47831157 0.19557584 0.00186567 0.00632022
2 0.47049907 0.19434691 0.00163246 0.00175562
2 0.42035914 0.19803371 0.00163246 0.00280899
2 0.45848881 0.21049860 0.00233209 0.00386236
2 0.46315299 0.22436798 0.00279851 0.00280899
2 0.43773321 0.22717697 0.00373134 0.00491573
2 0.43994869 0.24385534 0.01189366 0.01439607
2 0.45487407 0.24543539 0.01329291 0.01264045
2 0.42723881 0.24525983 0.00139925 0.00316011
2 0.43178638 0.24736657 0.00349813 0.00456461
2 0.41662780 0.25210674 0.00256530 0.00421348
2 0.48763993 0.25298455 0.00233209 0.00175562
2 0.44659515 0.25596910 0.00373134 0.00561798
2 0.46105410 0.25719803 0.00279851 0.00807584
2 0.41149720 0.25737360 0.00209888 0.00421348
2 0.43575093 0.26018258 0.00209888 0.00351124
2 0.42595616 0.26334270 0.00256530 0.00421348
2 0.43924907 0.26281601 0.00163246 0.00316011
2 0.46233675 0.26667837 0.00629664 0.01088483
2 0.47294776 0.27036517 0.00979478 0.01825843
2 0.48600746 0.26615169 0.00279851 0.00632022
2 0.40613340 0.26913624 0.01002799 0.01158708
2 0.48169310 0.26773174 0.00163246 0.00245787
2 0.26282649 0.27141854 0.00233209 0.00421348
2 0.31145056 0.27089185 0.00209888 0.00316011
2 0.42362407 0.27668539 0.00349813 0.00702247
2 0.28941231 0.27844101 0.00233209 0.00421348
2 0.30876866 0.28019663 0.00233209 0.00842697
2 0.49416978 0.27896770 0.00419776 0.00596910
2 0.30387127 0.28335674 0.00699627 0.01193820
2 0.48495802 0.28476124 0.00396455 0.00842697
2 0.47504664 0.28405899 0.00093284 0.00140449
2 0.44764459 0.28493680 0.00116604 0.00245787
2 0.10086287 0.28651685 0.00209888 0.00280899
2 0.31075093 0.29125702 0.00629664 0.01018258
2 0.48111007 0.28792135 0.00186567 0.00351124
2 0.49825093 0.29090590 0.00256530 0.00667135
2 0.48845616 0.29125702 0.00116604 0.00175562
2 0.50396455 0.29195927 0.00233209 0.00386236
2 0.49253731 0.29441713 0.00186567 0.00737360
2 0.49521922 0.29266152 0.00163246 0.00316011
2 0.51387593 0.29669944 0.01142724 0.01193820
2 0.39692164 0.29652388 0.00513060 0.00877809
2 0.48425840 0.29424157 0.00209888 0.00351124
2 0.41791045 0.31478230 0.01632463 0.04318820
2 0.43306903 0.29652388 0.00279851 0.00386236
2 0.50501399 0.29740169 0.00256530 0.00421348
2 0.40823228 0.30266854 0.00536381 0.01193820
2 0.48017724 0.29880618 0.00233209 0.00421348
2 0.48437500 0.30459972 0.00932836 0.01369382
2 0.40170243 0.30477528 0.00489739 0.00772472
2 0.21210354 0.30389747 0.00256530 0.00386236
2 0.50559701 0.30775983 0.00326493 0.01158708
2 0.40240205 0.33549860 0.03428172 0.06566011
2 0.39458955 0.30635534 0.00279851 0.00737360
2 0.39703825 0.30600421 0.00209888 0.00316011
2 0.51854011 0.30969101 0.00583022 0.00983146
2 0.48717351 0.31776685 0.00513060 0.01474719
2 0.38677705 0.32303371 0.00722948 0.01615169
2 0.52017257 0.31829354 0.00209888 0.00316011
2 0.51166045 0.32057584 0.00186567 0.00351124
2 0.50139925 0.32478933 0.00419776 0.00912921
2 0.51574160 0.33058287 0.00956157 0.01228933
2 0.48915578 0.34094101 0.00909515 0.03089888
2 0.48355877 0.33075843 0.00209888 0.00280899
2 0.38409515 0.33268961 0.00233209 0.00316011
2 0.50198228 0.33900983 0.00909515 0.01369382
2 0.36555504 0.35129916 0.02495336 0.02563202
2 0.38059701 0.34919242 0.01026119 0.02001404
2 0.43166978 0.34076545 0.00233209 0.00316011
2 0.41930970 0.34181882 0.00186567 0.00245787
2 0.49568563 0.34673455 0.00583022 0.00948034
2 0.34958022 0.34831461 0.00559701 0.00702247
2 0.35820896 0.35059691 0.00652985 0.01158708
2 0.48239272 0.34849017 0.00303172 0.00456461
2 0.42304104 0.35007022 0.00326493 0.00491573
2 0.47691231 0.35200140 0.00279851 0.00526685
2 0.48227612 0.35691713 0.01119403 0.01158708
2 0.43819963 0.35656601 0.00279851 0.00386236
2 0.42560634 0.36200843 0.00886194 0.01123596
2 0.47423041 0.35972612 0.00396455 0.00596910
2 0.43913246 0.36534410 0.00513060 0.01228933
2 0.44554571 0.36060393 0.00209888 0.00351124
2 0.46093750 0.36288624 0.00629664 0.00807584
2 0.51014459 0.36148174 0.00256530 0.00456461
2 0.25349813 0.37622893 0.01632463 0.02844101
2 0.48285914 0.36534410 0.00536381 0.00526685
2 0.23064366 0.36955758 0.00373134 0.01228933
2 0.38339552 0.36780197 0.00419776 0.00456461
2 0.47737873 0.36885534 0.00513060 0.00737360
2 0.45708955 0.36797753 0.00373134 0.00421348
2 0.48600746 0.36780197 0.00186567 0.00245787
2 0.47026586 0.37078652 0.00443097 0.00702247
2 0.44228078 0.36990871 0.00163246 0.00316011
2 0.46641791 0.37236657 0.00326493 0.00737360
2 0.51539179 0.37306882 0.00513060 0.00807584
2 0.49965019 0.37289326 0.00256530 0.00632022
2 0.48437500 0.37464888 0.00466418 0.00912921
2 0.26923974 0.37482444 0.00349813 0.00596910
2 0.39750466 0.37938904 0.00536381 0.01228933
2 0.43610075 0.37903792 0.00652985 0.01158708
2 0.46082090 0.37464888 0.00139925 0.00280899
2 0.50967817 0.37587781 0.00256530 0.00316011
2 0.28008396 0.38237360 0.01305970 0.01474719
2 0.40286847 0.37886236 0.00349813 0.00772472
2 0.40928172 0.37886236 0.00326493 0.00702247
2 0.46688433 0.38254916 0.01072761 0.01299157
2 0.47562966 0.38009129 0.00536381 0.00807584
2 0.26282649 0.37938904 0.00233209 0.00456461
2 0.45720616 0.37938904 0.00163246 0.00316011
2 0.48495802 0.38342697 0.00489739 0.00491573
2 0.51585821 0.38465590 0.00419776 0.00667135
2 0.31949627 0.38799157 0.00932836 0.01123596
2 0.22329757 0.38483146 0.00163246 0.00351124
2 0.26422575 0.38412921 0.00186567 0.00210674
2 0.50244869 0.38483146 0.00256530 0.00421348
2 0.21956623 0.38658708 0.00256530 0.00632022
2 0.45079291 0.40326545 0.01819030 0.03897472
2 0.24405317 0.38570927 0.00163246 0.00316011
2 0.48227612 0.39571629 0.00979478 0.01966292
2 0.46828358 0.40941011 0.01212687 0.04634831
2 0.47667910 0.38799157 0.00139925 0.00210674
2 0.50326493 0.39009831 0.00279851 0.00491573
2 0.25781250 0.38974719 0.00116604 0.00210674
2 0.28708022 0.39396067 0.01305970 0.01123596
2 0.29815765 0.39396067 0.00956157 0.00983146
2 0.25548041 0.39202949 0.00163246 0.00386236
2 0.49650187 0.39571629 0.00699627 0.00842697
2 0.21944963 0.39501404 0.00326493 0.00421348
2 0.40776586 0.39624298 0.00303172 0.00386236
2 0.21128731 0.39694522 0.00326493 0.00456461
2 0.40135261 0.40098315 0.00606343 0.01264045
2 0.43120336 0.40186096 0.01585821 0.01369382
2 0.24941698 0.39782303 0.00396455 0.00351124
2 0.23565765 0.39834972 0.00209888 0.00316011
2 0.21735075 0.40431882 0.00839552 0.01299157
2 0.60377799 0.40028090 0.00419776 0.00491573
2 0.32637593 0.40080758 0.00209888 0.00456461
2 0.24941698 0.40308989 0.00209888 0.00351124
2 0.49475280 0.40747893 0.00676306 0.01228933
2 0.51819030 0.40431882 0.00186567 0.00386236
2 0.27915112 0.40554775 0.00139925 0.00280899
2 0.48379198 0.40660112 0.00256530 0.00421348
2 0.51270989 0.40625000 0.00256530 0.00351124
2 0.77705224 0.40765449 0.00326493 0.00561798
2 0.29512593 0.40800562 0.00303172 0.00491573
2 0.32730877 0.41169242 0.00489739 0.01228933
2 0.43050373 0.42240169 0.01072761 0.03441011
2 0.44997668 0.40818118 0.00209888 0.00386236
2 0.37441698 0.40941011 0.00256530 0.00491573
2 0.25034981 0.41134129 0.00443097 0.00807584
2 0.42175840 0.41432584 0.00909515 0.01264045
2 0.23938899 0.40993680 0.00163246 0.00245787
2 0.28859608 0.41151685 0.00583022 0.00491573
2 0.33966884 0.41151685 0.00256530 0.00351124
2 0.78964552 0.41537921 0.00699627 0.01053371
2 0.20685634 0.41344803 0.00373134 0.00386236
2 0.21478545 0.41344803 0.00279851 0.00316011
2 0.61368937 0.41941713 0.00816231 0.01439607
2 0.24440299 0.41485253 0.00233209 0.00386236
2 0.34444963 0.41695927 0.00466418 0.00807584
2 0.35319496 0.43662219 0.01282649 0.04740169
2 0.50501399 0.42468399 0.00816231 0.02212079
2 0.28673041 0.41871489 0.00676306 0.00877809
2 0.33896922 0.41695927 0.00256530 0.00386236
2 0.45895522 0.41748596 0.00373134 0.00491573
2 0.24055504 0.41713483 0.00209888 0.00280899
2 0.29372668 0.41871489 0.00256530 0.00526685
2 0.45020989 0.41994382 0.00303172 0.00842697
2 0.48402519 0.42205056 0.00536381 0.01193820
2 0.31040112 0.42099719 0.00279851 0.00491573
2 0.13945896 0.42152388 0.00093284 0.00175562
2 0.61975280 0.42854635 0.00862873 0.01299157
2 0.45848881 0.42468399 0.00233209 0.00386236
2 0.21490205 0.42731742 0.00396455 0.00702247
2 0.23775653 0.42714185 0.00396455 0.00667135
2 0.44146455 0.43662219 0.00932836 0.02001404
2 0.29186101 0.42995084 0.00349813 0.00386236
2 0.28451493 0.43065309 0.00419776 0.00456461
2 0.24300373 0.43240871 0.00606343 0.00596910
2 0.60541045 0.43469101 0.00419776 0.00912921
2 0.37651586 0.43258427 0.00163246 0.00280899
2 0.21536847 0.43416433 0.00256530 0.00316011
2 0.29174440 0.43486657 0.00419776 0.00386236
2 0.31459888 0.43627107 0.00326493 0.00667135
2 0.34153451 0.43767556 0.00163246 0.00245787
2 0.24568563 0.43978230 0.00396455 0.00386236
2 0.25139925 0.43995787 0.00233209 0.00280899
2 0.42187500 0.44698034 0.00792910 0.01685393
2 0.46606810 0.44048455 0.00303172 0.00456461
2 0.31424907 0.44364466 0.00396455 0.00737360
2 0.42805504 0.44188904 0.00256530 0.00245787
2 0.23903918 0.44382022 0.00279851 0.00491573
2 0.46338619 0.44294242 0.00279851 0.00316011
2 0.24883396 0.44364466 0.00233209 0.00316011
2 0.21175373 0.44504916 0.00233209 0.00386236
2 0.33920243 0.44610253 0.00163246 0.00316011
2 0.43260261 0.45084270 0.00419776 0.01264045
2 0.46117071 0.44662921 0.00303172 0.00421348
2 0.25466418 0.45839185 0.01912313 0.02492978
2 0.31366604 0.45101826 0.00373134 0.00596910
2 0.42374067 0.45874298 0.00979478 0.02071629
2 0.24078825 0.45452949 0.00676306 0.00877809
2 0.31763060 0.45400281 0.00186567 0.00491573
2 0.26900653 0.45751404 0.00209888 0.00280899
2 0.27705224 0.46242978 0.00279851 0.00421348
2 0.61368937 0.46541433 0.00349813 0.00667135
2 0.30923507 0.46892556 0.00373134 0.00596910
2 0.27763526 0.46892556 0.00396455 0.00456461
2 0.30410448 0.47261236 0.00466418 0.00842697
2 0.42257463 0.47735253 0.00746269 0.01650281
2 0.61298974 0.47331461 0.00349813 0.00772472
2 0.17968750 0.52808989 0.02402052 0.02598315
2 0.37593284 0.54634831 0.00419776 0.00632022
2 0.17968750 0.54547051 0.00209888 0.00386236
2 0.18738340 0.54950843 0.01049440 0.01053371
2 0.17980410 0.55372191 0.00326493 0.00351124
2 0.36637127 0.55477528 0.00233209 0.00351124
2 0.17339086 0.55723315 0.00163246 0.00351124
2 0.17094216 0.56074438 0.00279851 0.00280899
2 0.37744869 0.56741573 0.00396455 0.00632022
2 0.41173041 0.56706461 0.00256530 0.00421348
2 0.36392257 0.56987360 0.00722948 0.00912921
2 0.35576026 0.56776685 0.00209888 0.00280899
2 0.40683302 0.57461376 0.00209888 0.00316011
2 0.39144123 0.58918539 0.00256530 0.00351124
2 0.38689366 0.59339888 0.00373134 0.00632022
2 0.40986474 0.59199438 0.00163246 0.00210674
2 0.36497201 0.59708567 0.00279851 0.00386236
2 0.37220149 0.59989466 0.00186567 0.00316011
2 0.37033582 0.63044242 0.04524254 0.05933989
2 0.42187500 0.61832865 0.01119403 0.00842697
2 0.40939832 0.61727528 0.00256530 0.00421348
2 0.48997201 0.62254213 0.00279851 0.00351124
2 0.42269123 0.62394663 0.00116604 0.00210674
2 0.41009795 0.62728230 0.00116604 0.00316011
2 0.42875466 0.63009129 0.00489739 0.00877809
2 0.39144123 0.63974719 0.01236007 0.02387640
2 0.41977612 0.62974017 0.00139925 0.00175562
2 0.40998134 0.63009129 0.00139925 0.00175562
2 0.33278918 0.63184691 0.00186567 0.00245787
2 0.40181903 0.63465590 0.00513060 0.00596910
2 0.40951493 0.63325140 0.00093284 0.00175562
2 0.34001866 0.63553371 0.00186567 0.00280899
2 0.40485075 0.63922051 0.00186567 0.00245787
2 0.42070896 0.65150983 0.00979478 0.02352528
2 0.42502332 0.64202949 0.00209888 0.00316011
2 0.42933769 0.64413624 0.00279851 0.00456461
2 0.34864739 0.64712079 0.00419776 0.00842697
2 0.43435168 0.64483848 0.00116604 0.00386236
2 0.40438433 0.65256320 0.01119403 0.01790730
2 0.41452892 0.64518961 0.00209888 0.00316011
2 0.36625466 0.65379213 0.00256530 0.00421348
2 0.39540578 0.65905899 0.00583022 0.00983146
2 0.41417910 0.65572331 0.00186567 0.00386236
2 0.38724347 0.65747893 0.00443097 0.00596910
2 0.41674440 0.66309691 0.00699627 0.01018258
2 0.42945429 0.66783708 0.01002799 0.01966292
2 0.38701026 0.67222612 0.01329291 0.02071629
2 0.38887593 0.66502809 0.00303172 0.00421348
2 0.39202425 0.66537921 0.00233209 0.00351124
2 0.40788246 0.66976826 0.00559701 0.01088483
2 0.39715485 0.67047051 0.00419776 0.00948034
2 0.18668377 0.66906601 0.00163246 0.00245787
2 0.43691698 0.67240169 0.00116604 0.00210674
2 0.40216884 0.67345506 0.00116604 0.00140449
2 0.40380131 0.67485955 0.00163246 0.00140449
2 0.18738340 0.67872191 0.00256530 0.00491573
2 0.40146922 0.67749298 0.00116604 0.00175562
2 0.40659981 0.68012640 0.00303172 0.00351124
2 0.19018190 0.68153090 0.00209888 0.00351124
2 0.42385728 0.68205758 0.00163246 0.00456461
2 0.40240205 0.68574438 0.00536381 0.01053371
2 0.18551772 0.68504213 0.00303172 0.00561798
2 0.19134795 0.68679775 0.00209888 0.00421348
2 0.26854011 0.68925562 0.00396455 0.00351124
2 0.18878265 0.69048455 0.00116604 0.00175562
2 0.39190765 0.69136236 0.00396455 0.00210674
2 0.19554571 0.69346910 0.00256530 0.00421348
2 0.18330224 0.69926264 0.00466418 0.00737360
2 0.20510728 0.69943820 0.00349813 0.00772472
2 0.39972015 0.70136938 0.00513060 0.01228933
2 0.19216418 0.70136938 0.00233209 0.00316011
2 0.17327425 0.70435393 0.00233209 0.00351124
2 0.31751399 0.70681180 0.00163246 0.00280899
2 0.40205224 0.70997191 0.00373134 0.00491573
2 0.17957090 0.70926966 0.00233209 0.00280899
2 0.31996269 0.71541433 0.00233209 0.00456461
2 0.18668377 0.71541433 0.00209888 0.00316011
2 0.40006996 0.71752107 0.00209888 0.00456461
2 0.40753265 0.71892556 0.00349813 0.00596910
2 0.18831623 0.72191011 0.00349813 0.00702247
2 0.39470616 0.74209972 0.01002799 0.04669944
2 0.21338619 0.72647472 0.00373134 0.00421348
2 0.30083955 0.72893258 0.00279851 0.00421348
2 0.18400187 0.73437500 0.00233209 0.00456461
2 0.21630131 0.74578652 0.00489739 0.00912921
2 0.19251399 0.75087781 0.00862873 0.01580056
2 0.39085821 0.77879213 0.00513060 0.01334270
2 0.20650653 0.78019663 0.01236007 0.01053371
2 0.47924440 0.78318118 0.00186567 0.00386236
2 0.38689366 0.78774579 0.00279851 0.00526685
2 0.26282649 0.79283708 0.00932836 0.00912921
2 0.47026586 0.78879916 0.00163246 0.00175562
2 0.49370336 0.79125702 0.00233209 0.00386236
2 0.19088153 0.80740871 0.01375933 0.02703652
2 0.46385261 0.81214888 0.01632463 0.03441011
2 0.20580690 0.80986657 0.01282649 0.01790730
2 0.47749534 0.80389747 0.00256530 0.00456461
2 0.78299907 0.80407303 0.00303172 0.00491573
2 0.49743470 0.80530197 0.00279851 0.00386236
2 0.21525187 0.82233146 0.00886194 0.03230337
2 0.47527985 0.80916433 0.00326493 0.00456461
2 0.18166978 0.81285112 0.00606343 0.01053371
2 0.47936101 0.81056882 0.00163246 0.00245787
2 0.22947761 0.82794944 0.01958955 0.02387640
2 0.49102146 0.81969803 0.00163246 0.00386236
2 0.17968750 0.82496489 0.00722948 0.01018258
2 0.18528451 0.82338483 0.00303172 0.00561798
2 0.47213153 0.82443820 0.00163246 0.00351124
2 0.19986007 0.82496489 0.00186567 0.00386236
2 0.30666978 0.86165730 0.05037313 0.07724719
2 0.36555504 0.82496489 0.00349813 0.00386236
2 0.47551306 0.82549157 0.00186567 0.00280899
2 0.19414646 0.83005618 0.00443097 0.00912921
2 0.47271455 0.82812500 0.00279851 0.00386236
2 0.20720616 0.82970506 0.00349813 0.00491573
2 0.36567164 0.83146067 0.00419776 0.00632022
2 0.18831623 0.83233848 0.00349813 0.00386236
2 0.35715951 0.86657303 0.03754664 0.06109551
2 0.37150187 0.84076545 0.00326493 0.00737360
2 0.43085354 0.84094101 0.00349813 0.00772472
2 0.48542444 0.83848315 0.00163246 0.00280899
2 0.26760728 0.84269663 0.00303172 0.00491573
2 0.37465019 0.84497893 0.00256530 0.00386236
2 0.43097015 0.84726124 0.00233209 0.00210674
2 0.43493470 0.84936798 0.00233209 0.00421348
2 0.37756530 0.85498596 0.00279851 0.00561798
2 0.43330224 0.85498596 0.00233209 0.00421348
2 0.39085821 0.86165730 0.01026119 0.01544944
2 0.36660448 0.85797051 0.00233209 0.00316011
2 0.37383396 0.85955056 0.00233209 0.00632022
2 0.32835821 0.86130618 0.00186567 0.00421348
2 0.36532183 0.86657303 0.00489739 0.00772472
2 0.33243937 0.86903090 0.00489739 0.00842697
2 0.27448694 0.87061096 0.00279851 0.00386236
2 0.24090485 0.87517556 0.00419776 0.00807584
2 0.27728545 0.87254213 0.00186567 0.00351124
2 0.25209888 0.88254916 0.01166045 0.01158708
2 0.23262593 0.87938904 0.00256530 0.00386236
2 0.33955224 0.89115169 0.01958955 0.02528090
2 0.22971082 0.88290028 0.00186567 0.00526685
2 0.26201026 0.88360253 0.00256530 0.00386236
2 0.24148787 0.88290028 0.00116604 0.00175562
2 0.27786847 0.88641152 0.00209888 0.00456461
2 0.22656250 0.89062500 0.00209888 0.00456461
2 0.21898321 0.89220506 0.00606343 0.00491573
2 0.30876866 0.90273876 0.00279851 0.00351124
2 0.34596549 0.91450140 0.00443097 0.00877809
2 0.39878731 0.92152388 0.00513060 0.01018258
2 0.39330690 0.92222612 0.00256530 0.00456461
2 0.37278451 0.93486657 0.00209888 0.00456461
2 0.31343284 0.95874298 0.00419776 0.00596910
2 0.34013526 0.96629213 0.00396455 0.00491573
2 0.32882463 0.98893961 0.00373134 0.00596910
2 0.34130131 0.99034410 0.00256530 0.00386236
3 0.35552705 0.23630618 0.04874067 0.12921348
