0 0.38152985 0.03809691 0.00419776 0.00596910
0 0.58990205 0.05495084 0.00629664 0.00948034
0 0.24172108 0.08304073 0.00536381 0.00877809
0 0.49801772 0.08848315 0.00443097 0.00632022
0 0.44181437 0.25351124 0.00396455 0.00632022
0 0.43388526 0.26878511 0.00396455 0.00596910
0 0.46630131 0.38869382 0.00583022 0.00842697
0 0.16534515 0.38816713 0.00419776 0.00596910
0 0.55736940 0.39589185 0.00466418 0.00667135
0 0.30853545 0.40203652 0.00466418 0.00702247
0 0.32579291 0.42117275 0.00559701 0.00807584
0 0.38747668 0.48981742 0.00583022 0.00912921
0 0.52856810 0.51983848 0.00443097 0.00596910
0 0.30736940 0.52580758 0.00606343 0.01018258
0 0.49300373 0.54582163 0.00326493 0.00526685
0 0.47178172 0.57514045 0.00373134 0.00632022
0 0.35622668 0.60112360 0.00489739 0.00912921
0 0.22178172 0.60867275 0.00466418 0.00807584
0 0.72551306 0.65554775 0.00513060 0.00842697
0 0.43062034 0.66906601 0.00489739 0.00807584
0 0.41464552 0.70330056 0.00279851 0.00491573
0 0.73717351 0.70646067 0.00419776 0.00772472
0 0.55013993 0.71734551 0.00466418 0.00702247
0 0.55678638 0.72559691 0.00722948 0.01088483
0 0.28288246 0.74771770 0.00326493 0.00526685
0 0.73938899 0.82180478 0.00303172 0.00526685
0 0.74976679 0.84269663 0.00233209 0.00421348
0 0.58512127 0.90045646 0.00373134 0.00596910
0 0.34363340 0.93240871 0.00536381 0.00948034
1 0.61578825 0.02703652 0.06972948 0.05407303
1 0.57264459 0.01966292 0.01515858 0.02738764
1 0.61310634 0.03792135 0.00886194 0.00912921
1 0.29430970 0.05600421 0.05876866 0.04108146
1 0.61077425 0.04617275 0.00606343 0.01299157
1 0.61100746 0.05424860 0.01166045 0.02492978
1 0.39377332 0.06039326 0.01236007 0.01615169
1 0.22621269 0.06530899 0.01352612 0.02106742
1 0.59596549 0.07777388 0.01142724 0.01580056
1 0.63269590 0.07601826 0.00279851 0.00596910
1 0.24533582 0.08918539 0.00513060 0.01193820
1 0.74708489 0.24069522 0.07579291 0.25596910
1 0.32999067 0.15642556 0.01958955 0.02282303
1 0.26119403 0.18030197 0.01585821 0.01650281
1 0.26364272 0.23349719 0.08185634 0.08707865
1 0.79804104 0.22805478 0.01259328 0.04037921
1 0.81051772 0.24350421 0.01375933 0.01790730
1 0.30503731 0.27387640 0.02985075 0.02808989
1 0.22901119 0.28283006 0.01259328 0.01158708
1 0.25944496 0.28809691 0.00909515 0.01580056
1 0.75244869 0.54757725 0.01515858 0.02352528
1 0.82089552 0.59269663 0.07462687 0.07022472
1 0.77693563 0.63272472 0.01142724 0.01193820
1 0.55911847 0.70488062 0.01189366 0.00948034
1 0.36672108 0.73648174 0.02541978 0.03686798
1 0.26224347 0.73595506 0.01282649 0.02598315
1 0.27600280 0.75842697 0.01049440 0.01966292
1 0.37873134 0.92801966 0.02238806 0.03581461
1 0.43831623 0.93785112 0.02262127 0.02317416
1 0.43353545 0.96032303 0.02332090 0.02036517
1 0.39505597 0.98349719 0.10401119 0.03019663
2 0.65333489 0.02721208 0.00256530 0.00667135
2 0.64727146 0.02914326 0.00536381 0.00912921
2 0.65555037 0.03300562 0.00233209 0.00421348
2 0.66452892 0.03335674 0.00209888 0.00421348
2 0.64797108 0.04195927 0.00909515 0.01228933
2 0.66616138 0.04353933 0.00349813 0.00421348
2 0.65286847 0.05108848 0.00209888 0.00386236
2 0.64505597 0.05635534 0.00606343 0.01158708
2 0.63747668 0.06179775 0.00303172 0.00632022
2 0.61940299 0.06583567 0.00186567 0.00386236
2 0.64190765 0.06583567 0.00163246 0.00386236
2 0.22329757 0.23858848 0.00303172 0.00526685
2 0.21571828 0.25351124 0.00326493 0.00491573
2 0.22119869 0.25386236 0.00163246 0.00491573
2 0.20254198 0.26035815 0.00209888 0.00456461
2 0.22154851 0.25948034 0.00186567 0.00351124
2 0.21431903 0.26264045 0.00466418 0.00702247
2 0.20837220 0.28037219 0.00629664 0.01369382
2 0.21875000 0.27721208 0.00326493 0.00526685
2 0.20464086 0.27738764 0.00163246 0.00351124
2 0.22516325 0.27896770 0.00209888 0.00316011
2 0.23985541 0.28932584 0.00676306 0.01053371
2 0.19752799 0.28739466 0.00186567 0.00386236
2 0.21875000 0.28739466 0.00279851 0.00386236
2 0.20207556 0.29266152 0.00536381 0.01299157
2 0.20755597 0.29090590 0.00326493 0.00386236
2 0.21991604 0.29792837 0.01119403 0.01860955
2 0.23798974 0.29810393 0.00256530 0.00491573
2 0.26609142 0.30337079 0.00839552 0.00842697
2 0.21944963 0.31162219 0.00559701 0.00596910
2 0.22084888 0.33672753 0.00652985 0.01123596
2 0.47586287 0.39676966 0.00536381 0.01193820
2 0.45452425 0.42117275 0.00932836 0.02212079
2 0.48320896 0.42292837 0.00699627 0.01158708
2 0.44204757 0.43153090 0.00769590 0.01615169
2 0.56763060 0.43855337 0.00886194 0.01896067
2 0.46513526 0.43539326 0.00349813 0.00702247
2 0.45638993 0.44294242 0.00233209 0.00667135
2 0.45020989 0.44856039 0.00396455 0.01228933
2 0.43062034 0.44978933 0.00536381 0.00983146
2 0.57287780 0.45417837 0.00583022 0.01720506
2 0.55562034 0.45049157 0.00349813 0.00912921
2 0.55165578 0.45716292 0.00396455 0.01474719
2 0.44461287 0.47155899 0.01562500 0.02598315
2 0.56273321 0.48753511 0.03824627 0.04459270
2 0.38491138 0.47559691 0.00489739 0.00807584
2 0.37511660 0.48068820 0.00862873 0.01404494
2 0.53008396 0.49438202 0.02565299 0.03932584
2 0.42782183 0.48595506 0.00676306 0.01193820
2 0.39167444 0.48349719 0.00583022 0.00632022
2 0.39668843 0.48964185 0.00466418 0.00737360
2 0.37534981 0.49508427 0.00396455 0.00912921
2 0.58687034 0.50140449 0.01142724 0.01334270
2 0.37581623 0.50210674 0.00816231 0.01193820
2 0.48589086 0.50737360 0.01795709 0.02317416
2 0.57194496 0.50754916 0.00722948 0.01299157
2 0.45627332 0.50544242 0.00396455 0.00596910
2 0.46595149 0.51264045 0.02518657 0.02036517
2 0.44181437 0.52756320 0.01469216 0.02914326
2 0.54710821 0.51790730 0.00279851 0.00702247
2 0.46152052 0.52808989 0.02052239 0.01615169
2 0.50058302 0.52773876 0.00583022 0.01334270
2 0.49277052 0.52703652 0.00513060 0.00912921
2 0.48402519 0.53599017 0.01422575 0.01580056
2 0.47038246 0.53739466 0.00419776 0.00596910
2 0.57859142 0.54775281 0.02192164 0.01264045
2 0.76142724 0.55091292 0.00373134 0.00632022
2 0.56040112 0.55898876 0.00932836 0.02036517
2 0.58978545 0.55653090 0.00559701 0.01053371
2 0.45055970 0.55758427 0.00606343 0.00772472
2 0.47341418 0.56530899 0.03731343 0.02317416
2 0.49696828 0.56039326 0.00559701 0.01264045
2 0.53743004 0.57057584 0.01515858 0.03019663
2 0.56996269 0.56759129 0.00606343 0.01650281
2 0.57660914 0.56969803 0.00583022 0.01931180
2 0.50501399 0.57145365 0.01282649 0.01439607
2 0.52133862 0.58128511 0.01935634 0.03335674
2 0.52775187 0.57004916 0.00373134 0.00948034
2 0.54780784 0.58497191 0.02145522 0.03230337
2 0.56343284 0.58216292 0.00699627 0.02668539
2 0.79675840 0.59076545 0.00489739 0.01650281
2 0.50687966 0.59146770 0.00629664 0.01650281
2 0.56961287 0.59181882 0.00489739 0.01790730
2 0.79174440 0.58830758 0.00373134 0.00877809
2 0.12395056 0.58725421 0.00396455 0.00596910
2 0.10995802 0.59129213 0.00256530 0.00280899
2 0.13351213 0.59971910 0.00209888 0.00561798
2 0.51480877 0.60147472 0.00349813 0.00561798
2 0.79197761 0.60217697 0.00419776 0.00772472
2 0.14050840 0.60445927 0.00303172 0.00316011
2 0.09631530 0.61200843 0.00186567 0.00491573
2 0.78859608 0.61429073 0.00629664 0.00877809
2 0.09071828 0.62728230 0.00233209 0.00316011
2 0.10879198 0.62903792 0.00209888 0.00386236
2 0.80223881 0.63167135 0.00513060 0.00912921
2 0.09235075 0.63904494 0.00513060 0.00842697
2 0.08663713 0.63957163 0.00303172 0.00456461
2 0.11986940 0.64132725 0.00186567 0.00386236
2 0.22143190 0.64220506 0.00349813 0.00491573
2 0.09759795 0.64466292 0.00163246 0.00351124
2 0.24673507 0.65502107 0.00186567 0.00456461
2 0.12954757 0.65853230 0.00303172 0.00526685
2 0.23157649 0.65870787 0.00233209 0.00280899
2 0.11928638 0.66204354 0.00209888 0.00386236
2 0.23437500 0.66379916 0.00792910 0.00526685
2 0.24440299 0.66590590 0.00326493 0.00596910
2 0.23985541 0.66660815 0.00256530 0.00316011
2 0.13001399 0.67029494 0.00256530 0.00421348
2 0.23145989 0.67415730 0.00489739 0.00491573
2 0.22259795 0.67942416 0.00443097 0.01123596
2 0.22772854 0.67907303 0.00303172 0.00632022
2 0.36333955 0.69118680 0.00513060 0.01860955
2 0.36287313 0.70909410 0.00746269 0.01369382
2 0.14540578 0.74192416 0.00256530 0.00561798
2 0.14120802 0.74789326 0.00163246 0.00421348
2 0.13374534 0.75649579 0.00256530 0.00737360
2 0.12709888 0.76299157 0.00186567 0.00421348
3 0.56040112 0.02475421 0.03171642 0.04880618
3 0.25571362 0.18381320 0.05433769 0.10639045
3 0.76515858 0.25280899 0.04477612 0.10814607
3 0.27063899 0.87043539 0.03428172 0.06882022
3 0.18248601 0.91081461 0.02168843 0.04143258
3 0.44449627 0.98893961 0.02005597 0.01790730
