0 0.26795709 0.53054775 0.00606343 0.00632022
0 0.68924907 0.55863764 0.00443097 0.00491573
0 0.16033116 0.70926966 0.00349813 0.00491573
1 0.74032183 0.27212079 0.00489739 0.01755618
1 0.76119403 0.27422753 0.00699627 0.00842697
1 0.74673507 0.28809691 0.00886194 0.01088483
1 0.25676306 0.37517556 0.01958955 0.02563202
1 0.23682369 0.61341292 0.03521455 0.04705056
1 0.28229944 0.65853230 0.00816231 0.01299157
1 0.13409515 0.69557584 0.01166045 0.02036517
1 0.12511660 0.72893258 0.01002799 0.02317416
1 0.17793843 0.83181180 0.05503731 0.13202247
1 0.13514459 0.78493680 0.00722948 0.01018258
2 0.26620802 0.13079354 0.00256530 0.00596910
2 0.27891791 0.13483146 0.00233209 0.00632022
2 0.30177239 0.13992275 0.00139925 0.00526685
2 0.24883396 0.15923455 0.00279851 0.00456461
2 0.24183769 0.16274579 0.00186567 0.00596910
2 0.25396455 0.16327247 0.00233209 0.00702247
2 0.31996269 0.16590590 0.00233209 0.00596910
2 0.28358209 0.16994382 0.00279851 0.00351124
2 0.33838619 0.17380618 0.00279851 0.00561798
2 0.27985075 0.18469101 0.00233209 0.00983146
2 0.22819496 0.18398876 0.00163246 0.00632022
2 0.35086287 0.18416433 0.00209888 0.00316011
2 0.29955690 0.18732444 0.00256530 0.00456461
2 0.28859608 0.18943118 0.00116604 0.00316011
2 0.29734142 0.19540028 0.00279851 0.00245787
2 0.28020056 0.20084270 0.00209888 0.00491573
2 0.35074627 0.19978933 0.00279851 0.00280899
2 0.30107276 0.20242275 0.00186567 0.00386236
2 0.26282649 0.20944522 0.00139925 0.00316011
2 0.27483675 0.20997191 0.00209888 0.00210674
2 0.23519123 0.21646770 0.00349813 0.00596910
2 0.23647388 0.23490169 0.00746269 0.00772472
2 0.25559701 0.28634129 0.00373134 0.00596910
2 0.71933302 0.28721910 0.00209888 0.00561798
2 0.32136194 0.30161517 0.00139925 0.00421348
2 0.29267724 0.31021770 0.00233209 0.00386236
2 0.66581157 0.31759129 0.00419776 0.00807584
2 0.27588619 0.34796348 0.00279851 0.00561798
2 0.89015858 0.34971910 0.00186567 0.00351124
2 0.25571362 0.35375702 0.00209888 0.00316011
2 0.36042444 0.35639045 0.00209888 0.00280899
2 0.24661847 0.36551966 0.00163246 0.00280899
2 0.30655317 0.36797753 0.00629664 0.00632022
2 0.34409981 0.37464888 0.00209888 0.00351124
2 0.34841418 0.37482444 0.00186567 0.00316011
2 0.33943563 0.39097612 0.00303172 0.00245787
2 0.07194496 0.41257022 0.00349813 0.00632022
2 0.67490672 0.41397472 0.00326493 0.00491573
2 0.70079291 0.41643258 0.00466418 0.00632022
2 0.80375466 0.43521770 0.00349813 0.00596910
2 0.87814832 0.44224017 0.00256530 0.00386236
2 0.27856810 0.44750702 0.00163246 0.00316011
2 0.87103545 0.49297753 0.00233209 0.00351124
2 0.88666045 0.53212781 0.00233209 0.00316011
2 0.20265858 0.57215590 0.00326493 0.00456461
