0 0.31296642 0.11183287 0.00606343 0.00877809
0 0.59888060 0.17011938 0.00559701 0.00667135
0 0.70300840 0.19504916 0.00536381 0.00737360
0 0.68878265 0.20540730 0.00489739 0.00702247
0 0.56961287 0.49754213 0.00256530 0.00421348
0 0.57194496 0.50351124 0.00536381 0.00772472
0 0.55631996 0.50667135 0.00349813 0.00561798
0 0.57171175 0.51492275 0.00256530 0.00386236
0 0.20090951 0.52089185 0.00443097 0.00737360
0 0.57229478 0.52106742 0.00279851 0.00351124
0 0.22597948 0.52738764 0.00699627 0.01123596
0 0.18166978 0.53967697 0.00373134 0.00491573
0 0.13444496 0.56162219 0.00722948 0.01018258
0 0.18808302 0.56021770 0.00489739 0.00807584
0 0.61777052 0.56425562 0.00419776 0.00491573
0 0.61485541 0.57601826 0.00303172 0.00456461
0 0.57532649 0.66994382 0.00233209 0.00351124
0 0.55911847 0.67837079 0.00443097 0.00632022
0 0.57182836 0.73525281 0.00373134 0.00561798
0 0.57532649 0.74543539 0.00279851 0.00421348
0 0.49825093 0.82689607 0.00583022 0.00912921
0 0.55690299 0.84638343 0.00699627 0.01018258
1 0.67467351 0.06566011 0.00979478 0.02247191
1 0.58232276 0.10902388 0.04524254 0.07759831
1 0.29687500 0.37236657 0.02378731 0.04950843
1 0.22038246 0.35744382 0.00792910 0.01123596
1 0.20732276 0.40133427 0.02378731 0.04073034
1 0.22877799 0.39676966 0.00559701 0.01474719
1 0.48379198 0.43223315 0.01049440 0.00632022
1 0.17595616 0.49771770 0.00816231 0.01299157
1 0.24556903 0.50807584 0.01026119 0.01334270
1 0.15916511 0.53177669 0.01562500 0.01580056
1 0.18166978 0.60165028 0.00513060 0.01158708
1 0.52693563 0.66116573 0.02075560 0.01825843
1 0.49661847 0.78019663 0.02821828 0.05196629
1 0.50163246 0.81513343 0.00746269 0.00737360
2 0.43201959 0.40905899 0.00536381 0.00561798
2 0.30573694 0.42468399 0.00886194 0.02071629
2 0.35762593 0.41695927 0.00256530 0.00386236
2 0.32252799 0.43275983 0.00559701 0.00596910
2 0.32765858 0.44118680 0.00559701 0.00596910
2 0.55935168 0.45154494 0.00583022 0.00842697
2 0.55865205 0.46278090 0.00816231 0.00772472
2 0.57451026 0.46980337 0.01002799 0.01404494
2 0.58500466 0.47823034 0.00536381 0.00561798
2 0.39738806 0.49648876 0.00466418 0.01474719
2 0.58500466 0.48999298 0.00349813 0.00245787
2 0.38701026 0.49736657 0.00956157 0.01158708
2 0.44146455 0.50280899 0.02145522 0.01896067
2 0.58173974 0.49683989 0.00303172 0.00561798
2 0.42269123 0.50684691 0.01049440 0.01580056
2 0.31506530 0.50825140 0.00373134 0.00526685
2 0.41709422 0.51246489 0.00489739 0.00737360
2 0.43131996 0.52001404 0.01142724 0.01334270
2 0.32905784 0.52352528 0.00186567 0.00351124
2 0.55153918 0.52668539 0.00233209 0.00351124
2 0.51865672 0.53739466 0.00979478 0.01018258
2 0.20510728 0.53721910 0.00396455 0.00491573
2 0.55538713 0.53686798 0.00256530 0.00421348
2 0.20265858 0.54389045 0.00233209 0.00351124
2 0.54512593 0.54740169 0.00303172 0.00491573
2 0.52087220 0.54950843 0.00536381 0.00561798
2 0.52833489 0.55547753 0.00676306 0.00842697
2 0.21233675 0.56443118 0.00816231 0.01158708
2 0.21909981 0.56320225 0.00443097 0.00561798
2 0.52367071 0.56688904 0.00816231 0.01228933
2 0.21758396 0.56934691 0.00606343 0.00596910
2 0.22551306 0.57022472 0.00373134 0.00491573
2 0.22586287 0.57707163 0.00443097 0.00456461
2 0.26725746 0.58549860 0.00932836 0.01299157
2 0.20988806 0.59410112 0.00606343 0.00702247
2 0.26305970 0.60990169 0.00792910 0.00912921
2 0.42432369 0.61990871 0.01002799 0.01650281
2 0.26690765 0.63623596 0.00769590 0.00983146
2 0.70429104 0.94750702 0.00746269 0.00737360
2 0.68680037 0.96260534 0.01585821 0.01018258
2 0.68808302 0.97401685 0.00583022 0.00632022
3 0.62441698 0.04880618 0.02961754 0.03441011
3 0.65030317 0.89975421 0.02821828 0.02352528
