0 0.55573694 0.11955758 0.00792910 0.01228933
0 0.60890858 0.15063202 0.00373134 0.00772472
0 0.65146922 0.20575843 0.00303172 0.00421348
0 0.42875466 0.25825140 0.00536381 0.00807584
0 0.66196362 0.27176966 0.00489739 0.00702247
0 0.26784049 0.33075843 0.00256530 0.00421348
0 0.29022854 0.33602528 0.00256530 0.00421348
0 0.73437500 0.36358848 0.00606343 0.00877809
0 0.37243470 0.37675562 0.00326493 0.00491573
0 0.39762127 0.38325140 0.00419776 0.00596910
0 0.37033582 0.38728933 0.00326493 0.00491573
0 0.37639925 0.39044944 0.00326493 0.00561798
0 0.37383396 0.40730337 0.00373134 0.00561798
0 0.33617071 0.42363062 0.00536381 0.00737360
0 0.50757929 0.42714185 0.00489739 0.00807584
0 0.33313899 0.43311096 0.00349813 0.00526685
0 0.27658582 0.45646067 0.00326493 0.00491573
0 0.34584888 0.57303371 0.00279851 0.00421348
0 0.41021455 0.57496489 0.00373134 0.00526685
0 0.33698694 0.57689607 0.00279851 0.00351124
0 0.33966884 0.58163624 0.00676306 0.01018258
0 0.35377799 0.58216292 0.00373134 0.00632022
0 0.31098414 0.58936096 0.00349813 0.00596910
0 0.50734608 0.62938904 0.00303172 0.00526685
0 0.51632463 0.66415028 0.00186567 0.00316011
0 0.59479944 0.68978230 0.00256530 0.00456461
0 0.48880597 0.69926264 0.00326493 0.00526685
0 0.63187966 0.70101826 0.00536381 0.00667135
0 0.32964086 0.78142556 0.00769590 0.01228933
0 0.34491604 0.78897472 0.00279851 0.00421348
0 0.38269590 0.79424157 0.00559701 0.00842697
0 0.32159515 0.80723315 0.00186567 0.00351124
0 0.24685168 0.90607444 0.00489739 0.00737360
0 0.23915578 0.96418539 0.00256530 0.00421348
1 0.64610541 0.22050562 0.01282649 0.01685393
1 0.36672108 0.39887640 0.01655784 0.01264045
1 0.58127332 0.79459270 0.01049440 0.01123596
1 0.52378731 0.83830758 0.01399254 0.02141854
1 0.65496735 0.98490169 0.02821828 0.02949438
2 0.18610075 0.13518258 0.00279851 0.00702247
2 0.61695429 0.21383427 0.00349813 0.00491573
2 0.60902519 0.22401685 0.00209888 0.00351124
2 0.62744869 0.25105337 0.00303172 0.00351124
2 0.62686567 0.25772472 0.00419776 0.00632022
2 0.69053172 0.27036517 0.00559701 0.00842697
2 0.29326026 0.27159410 0.00349813 0.00596910
2 0.44857743 0.27914326 0.00769590 0.01404494
2 0.70802239 0.27914326 0.00466418 0.00842697
2 0.29395989 0.29160815 0.00349813 0.00456461
2 0.31961287 0.35305478 0.00256530 0.00316011
2 0.31833022 0.36148174 0.00279851 0.00386236
2 0.29559235 0.40660112 0.00163246 0.00210674
2 0.32299440 0.41502809 0.00186567 0.00210674
2 0.30830224 0.51808287 0.00233209 0.00386236
2 0.27367071 0.55600421 0.00163246 0.00316011
2 0.32066231 0.56091994 0.00093284 0.00245787
2 0.36135728 0.56091994 0.00163246 0.00245787
2 0.31250000 0.56548455 0.00093284 0.00175562
2 0.36847015 0.60691713 0.00139925 0.00316011
2 0.34689832 0.62552669 0.00256530 0.00316011
2 0.38689366 0.62938904 0.00233209 0.00386236
2 0.37278451 0.64378511 0.02308769 0.03195225
2 0.49568563 0.63219803 0.00536381 0.00526685
2 0.34235075 0.63500702 0.00419776 0.00667135
2 0.40974813 0.63711376 0.00606343 0.01088483
2 0.49008862 0.63606039 0.00163246 0.00386236
2 0.51620802 0.63623596 0.00256530 0.00351124
2 0.38106343 0.63922051 0.00186567 0.00386236
2 0.44507929 0.64448736 0.00209888 0.00456461
2 0.38805970 0.64571629 0.00326493 0.00421348
2 0.47248134 0.64518961 0.00279851 0.00386236
2 0.36427239 0.64676966 0.00139925 0.00351124
2 0.37558302 0.64641854 0.00163246 0.00351124
2 0.35949160 0.64922753 0.00209888 0.00491573
2 0.35412780 0.65010534 0.00209888 0.00386236
2 0.38421175 0.65308989 0.00396455 0.00491573
2 0.35855877 0.65695225 0.00349813 0.00632022
2 0.37103545 0.65589888 0.00233209 0.00351124
2 0.38887593 0.65712781 0.00303172 0.00526685
2 0.38152985 0.65870787 0.00233209 0.00351124
2 0.41814366 0.65941011 0.00326493 0.00421348
2 0.39097481 0.66028792 0.00163246 0.00175562
2 0.37966418 0.66204354 0.00186567 0.00316011
2 0.39365672 0.66257022 0.00186567 0.00421348
2 0.37441698 0.66327247 0.00209888 0.00421348
2 0.35506063 0.66274579 0.00116604 0.00175562
2 0.41499534 0.66467697 0.00163246 0.00280899
2 0.41907649 0.66502809 0.00233209 0.00421348
2 0.39085821 0.66713483 0.00139925 0.00421348
2 0.37500000 0.66889045 0.00279851 0.00421348
2 0.41592817 0.66836376 0.00163246 0.00316011
2 0.41347948 0.67029494 0.00186567 0.00351124
2 0.38980877 0.67240169 0.00163246 0.00351124
2 0.37628265 0.67837079 0.00816231 0.00772472
2 0.41826026 0.67749298 0.00163246 0.00245787
2 0.37954757 0.71699438 0.00256530 0.00772472
2 0.40811567 0.72454354 0.00139925 0.00456461
2 0.31949627 0.79090590 0.00279851 0.00456461
2 0.30317164 0.82812500 0.00186567 0.00316011
2 0.39657183 0.84006320 0.00163246 0.00316011
2 0.30970149 0.84129213 0.00233209 0.00351124
2 0.40473414 0.84673455 0.00349813 0.00456461
2 0.41033116 0.85217697 0.00303172 0.00491573
2 0.44869403 0.85832163 0.00233209 0.00316011
2 0.43493470 0.86113062 0.00326493 0.00386236
2 0.30387127 0.86587079 0.00466418 0.00842697
2 0.36765392 0.86464185 0.00349813 0.00456461
2 0.32381063 0.86903090 0.00303172 0.00912921
2 0.43575093 0.86815309 0.00209888 0.00667135
2 0.32660914 0.86850421 0.00209888 0.00526685
2 0.30876866 0.87289326 0.00233209 0.00842697
2 0.33127332 0.88570927 0.00303172 0.00596910
2 0.28159981 0.95382725 0.00396455 0.00667135
3 0.74137127 0.25825140 0.02332090 0.05653090
3 0.82042910 0.63026685 0.02378731 0.03300562
