0 0.48577425 0.01825843 0.00326493 0.00351124
0 0.48647388 0.02440309 0.00279851 0.00386236
0 0.39190765 0.04318820 0.00536381 0.00772472
0 0.76993937 0.13184691 0.00443097 0.00667135
0 0.39832090 0.16362360 0.00186567 0.00280899
0 0.20592351 0.17169944 0.00746269 0.00983146
0 0.55002332 0.16994382 0.00443097 0.00702247
0 0.22388060 0.16941713 0.00373134 0.00456461
0 0.23076026 0.18012640 0.00489739 0.00632022
0 0.54570896 0.20417837 0.00279851 0.00526685
0 0.76819030 0.23613062 0.00932836 0.01580056
0 0.18563433 0.25280899 0.00373134 0.00561798
0 0.33395522 0.27405197 0.00186567 0.00316011
0 0.32672575 0.28212781 0.00419776 0.00737360
0 0.33791978 0.29160815 0.00233209 0.00386236
0 0.18027052 0.29248596 0.00233209 0.00351124
0 0.33675373 0.31109551 0.00233209 0.00351124
0 0.13805970 0.34462781 0.00606343 0.00596910
0 0.09305037 0.35340590 0.00466418 0.00596910
0 0.29710821 0.40063202 0.00373134 0.00702247
0 0.28777985 0.42801966 0.00373134 0.00491573
0 0.25734608 0.45154494 0.00629664 0.00632022
0 0.22702892 0.45786517 0.00396455 0.00561798
0 0.18108675 0.46945225 0.00489739 0.00702247
0 0.19566231 0.47068118 0.00466418 0.00667135
0 0.17420709 0.47278792 0.00606343 0.00807584
0 0.16184701 0.51158708 0.00373134 0.00772472
0 0.24113806 0.51580056 0.00652985 0.00912921
0 0.13409515 0.60744382 0.00373134 0.00632022
0 0.19437966 0.60779494 0.00303172 0.00561798
0 0.14144123 0.70470506 0.00256530 0.00491573
0 0.19857743 0.74543539 0.00629664 0.00772472
0 0.20475746 0.75403792 0.00233209 0.00386236
0 0.24498601 0.94136236 0.00256530 0.00421348
0 0.23763993 0.94171348 0.00279851 0.00421348
1 0.38631063 0.06039326 0.00816231 0.00912921
1 0.68376866 0.08497191 0.01958955 0.03581461
1 0.45942164 0.09234551 0.01865672 0.02036517
1 0.36683769 0.12341994 0.00606343 0.00667135
1 0.49195429 0.16889045 0.02775187 0.04353933
1 0.20452425 0.19364466 0.00932836 0.00877809
1 0.34293377 0.29810393 0.00536381 0.01193820
1 0.33570429 0.29985955 0.00396455 0.00983146
1 0.34969683 0.30723315 0.01002799 0.00842697
1 0.45289179 0.31197331 0.00792910 0.01158708
1 0.17922108 0.45154494 0.01142724 0.01896067
1 0.24591884 0.58128511 0.01002799 0.01650281
2 0.65951493 0.03879916 0.00792910 0.00877809
2 0.21093750 0.03897472 0.00489739 0.00632022
2 0.65974813 0.06197331 0.00932836 0.00667135
2 0.22493004 0.06372893 0.00303172 0.00316011
2 0.21828358 0.07356039 0.00373134 0.00526685
2 0.21863340 0.08462079 0.00349813 0.00491573
2 0.46735075 0.18451545 0.00233209 0.00667135
2 0.35249534 0.20136938 0.00956157 0.01580056
2 0.37756530 0.20593399 0.00279851 0.00456461
2 0.37430037 0.20663624 0.00233209 0.00316011
2 0.35039646 0.21383427 0.00303172 0.00491573
2 0.37534981 0.21365871 0.00256530 0.00386236
2 0.35412780 0.21997893 0.00489739 0.00948034
2 0.36637127 0.22033006 0.00652985 0.00948034
2 0.37768190 0.22015449 0.00629664 0.00702247
2 0.36030784 0.22191011 0.00466418 0.00632022
2 0.33418843 0.22542135 0.00466418 0.00772472
2 0.34864739 0.22401685 0.00373134 0.00421348
2 0.37115205 0.22471910 0.00163246 0.00280899
2 0.37919776 0.23630618 0.01305970 0.02528090
2 0.35774254 0.22840590 0.00419776 0.00526685
2 0.36054104 0.24174860 0.01492537 0.02914326
2 0.19263060 0.23051264 0.00419776 0.00596910
2 0.30433769 0.23525281 0.00559701 0.01474719
2 0.34934701 0.23507725 0.00746269 0.01088483
2 0.32462687 0.23209270 0.00419776 0.00351124
2 0.32964086 0.23823736 0.01515858 0.01369382
2 0.38619403 0.25035112 0.01166045 0.01966292
2 0.20394123 0.24280197 0.00396455 0.00316011
2 0.15170243 0.24929775 0.00956157 0.00772472
2 0.33500466 0.24947331 0.00443097 0.00667135
2 0.47656250 0.25158006 0.00536381 0.01018258
2 0.20930504 0.24929775 0.00303172 0.00421348
2 0.37161847 0.25105337 0.00349813 0.00772472
2 0.31798041 0.25456461 0.00583022 0.00912921
2 0.21047108 0.25526685 0.00489739 0.00561798
2 0.37569963 0.25684691 0.00139925 0.00245787
2 0.29675840 0.26106039 0.00443097 0.00737360
2 0.39155784 0.26580056 0.01445896 0.01685393
2 0.14645522 0.26404494 0.00652985 0.01053371
2 0.36275653 0.25948034 0.00163246 0.00210674
2 0.30340485 0.26316713 0.00652985 0.00807584
2 0.36240672 0.26544944 0.00186567 0.00351124
2 0.29372668 0.27001404 0.00676306 0.01053371
2 0.30725280 0.26983848 0.00349813 0.00456461
2 0.15951493 0.27036517 0.00233209 0.00351124
2 0.21863340 0.27247191 0.00489739 0.00632022
2 0.36124067 0.27001404 0.00186567 0.00210674
2 0.28766325 0.27299860 0.00489739 0.00667135
2 0.37406716 0.27282303 0.00186567 0.00280899
2 0.35972481 0.27510534 0.00209888 0.00596910
2 0.36567164 0.27457865 0.00419776 0.00561798
2 0.39307369 0.27563202 0.00396455 0.00632022
2 0.47096549 0.27510534 0.00209888 0.00456461
2 0.30422108 0.27510534 0.00256530 0.00386236
2 0.16021455 0.27668539 0.00419776 0.00421348
2 0.37989739 0.27861657 0.00233209 0.00456461
2 0.39797108 0.27861657 0.00209888 0.00456461
2 0.15648321 0.27931882 0.00326493 0.00386236
2 0.17607276 0.28160112 0.00513060 0.00421348
2 0.36112407 0.28212781 0.00209888 0.00386236
2 0.38642724 0.28247893 0.00373134 0.00316011
2 0.39167444 0.28493680 0.00349813 0.00807584
2 0.28999534 0.28458567 0.00256530 0.00386236
2 0.16231343 0.28721910 0.00466418 0.00491573
2 0.37744869 0.28757022 0.00396455 0.00491573
2 0.16616138 0.28721910 0.00349813 0.00280899
2 0.37033582 0.28757022 0.00186567 0.00351124
2 0.30445429 0.29090590 0.00256530 0.00386236
2 0.30177239 0.29055478 0.00186567 0.00245787
2 0.29430970 0.29336376 0.00279851 0.00456461
2 0.28836287 0.29301264 0.00209888 0.00316011
2 0.16499534 0.29599719 0.00489739 0.00351124
2 0.29979011 0.33497191 0.01888993 0.07794944
2 0.39249067 0.29933287 0.00186567 0.00316011
2 0.19974347 0.30301966 0.00303172 0.00491573
2 0.39587220 0.31653792 0.00303172 0.00456461
2 0.31436567 0.31741573 0.00233209 0.00421348
2 0.31902985 0.32075140 0.00373134 0.01088483
2 0.31319963 0.32549157 0.00466418 0.00702247
2 0.32742537 0.32759831 0.00233209 0.00351124
2 0.31623134 0.34129213 0.00606343 0.02528090
2 0.32159515 0.33198736 0.00233209 0.00667135
2 0.34596549 0.33304073 0.00209888 0.00316011
2 0.34025187 0.34743680 0.01399254 0.02703652
2 0.33057369 0.33707865 0.00396455 0.00561798
2 0.34969683 0.33602528 0.00209888 0.00351124
2 0.35202892 0.33936096 0.00209888 0.00386236
2 0.35890858 0.35112360 0.00932836 0.02317416
2 0.35027985 0.35375702 0.00139925 0.00316011
2 0.34911381 0.37131320 0.01259328 0.02212079
2 0.37488340 0.36323736 0.00303172 0.00456461
2 0.35902519 0.37043539 0.00163246 0.00491573
2 0.36777052 0.38114466 0.00373134 0.00456461
2 0.35272854 0.38483146 0.00209888 0.00491573
2 0.36485541 0.39554073 0.00629664 0.02141854
2 0.34934701 0.38904494 0.00279851 0.00351124
2 0.35074627 0.39589185 0.00373134 0.00526685
2 0.35342817 0.40186096 0.00303172 0.00667135
2 0.35925840 0.41520365 0.00256530 0.00737360
2 0.35925840 0.46962781 0.02402052 0.09726124
2 0.35774254 0.42643961 0.00233209 0.00667135
2 0.35459422 0.43644663 0.00443097 0.01334270
2 0.08523787 0.54389045 0.00862873 0.00772472
2 0.21361940 0.64413624 0.00606343 0.00807584
