0 0.30293843 0.02387640 0.00373134 0.00702247
0 0.31226679 0.06671348 0.00746269 0.01264045
0 0.44659515 0.10797051 0.00559701 0.00948034
0 0.46023787 0.11113062 0.00489739 0.00807584
0 0.35890858 0.11060393 0.00326493 0.00491573
0 0.59608209 0.11569522 0.00279851 0.00386236
0 0.52705224 0.12622893 0.00419776 0.00596910
0 0.16417910 0.13974719 0.00466418 0.00632022
0 0.56541511 0.14554073 0.00396455 0.00596910
0 0.57486007 0.14466292 0.00186567 0.00351124
0 0.19659515 0.14729635 0.00326493 0.00456461
0 0.57742537 0.14782303 0.00233209 0.00351124
0 0.30538713 0.15098315 0.00536381 0.00702247
0 0.40753265 0.15273876 0.00209888 0.00280899
0 0.40415112 0.15625000 0.00279851 0.00421348
0 0.58500466 0.15642556 0.00256530 0.00386236
0 0.17723881 0.16028792 0.00326493 0.00456461
0 0.22539646 0.16379916 0.00256530 0.00456461
0 0.43808302 0.18082865 0.00583022 0.00772472
0 0.58465485 0.18433989 0.00419776 0.00632022
0 0.48425840 0.19873596 0.00349813 0.00561798
0 0.57171175 0.24508427 0.00583022 0.00772472
0 0.55585354 0.25158006 0.00209888 0.00316011
0 0.56459888 0.26966292 0.00373134 0.00561798
0 0.41697761 0.29705056 0.00373134 0.00632022
0 0.56751399 0.29880618 0.00489739 0.00702247
0 0.39015858 0.29933287 0.00419776 0.00667135
0 0.50874534 0.31566011 0.00956157 0.01334270
0 0.48519123 0.32198034 0.00396455 0.00702247
0 0.43201959 0.33391854 0.00443097 0.00632022
0 0.76305970 0.34111657 0.00279851 0.00526685
0 0.57544310 0.34585674 0.00489739 0.00702247
0 0.44239739 0.35007022 0.00373134 0.00491573
0 0.67035914 0.35744382 0.00396455 0.00491573
0 0.14867071 0.38518258 0.00536381 0.00772472
0 0.66686101 0.39044944 0.00583022 0.00702247
0 0.42607276 0.40238764 0.00279851 0.00421348
0 0.40764925 0.41573034 0.00419776 0.00632022
0 0.70382463 0.42327949 0.00652985 0.00877809
0 0.67280784 0.43469101 0.00326493 0.00421348
0 0.68854944 0.44294242 0.00396455 0.00596910
0 0.51807369 0.44680478 0.00443097 0.00737360
0 0.13374534 0.45716292 0.00256530 0.00421348
0 0.16557836 0.46383427 0.00373134 0.00561798
0 0.51305970 0.47629916 0.00513060 0.00737360
0 0.09888060 0.48103933 0.00746269 0.01193820
0 0.30701959 0.52686096 0.00489739 0.00807584
0 0.66686101 0.55969101 0.00629664 0.01123596
0 0.63945896 0.65747893 0.00652985 0.01018258
0 0.49545243 0.65870787 0.00396455 0.00561798
0 0.79570896 0.66116573 0.00559701 0.00772472
0 0.44787780 0.67468399 0.00489739 0.00807584
0 0.14750466 0.68030197 0.00443097 0.00737360
0 0.74673507 0.67854635 0.00233209 0.00316011
0 0.63712687 0.68750000 0.00746269 0.00983146
0 0.72364739 0.69733146 0.00559701 0.00772472
0 0.49755131 0.71910112 0.00396455 0.00632022
0 0.71571828 0.72155899 0.00606343 0.00842697
0 0.64855410 0.72682584 0.00606343 0.00842697
0 0.73682369 0.72752809 0.00583022 0.00912921
0 0.53591418 0.75333567 0.00419776 0.00596910
0 0.44356343 0.76667837 0.00559701 0.00807584
0 0.62091884 0.80459972 0.00349813 0.00526685
0 0.50291511 0.86060393 0.00676306 0.00983146
0 0.46513526 0.87535112 0.00722948 0.01123596
0 0.51352612 0.88430478 0.00513060 0.00877809
0 0.51131063 0.91099017 0.00722948 0.01088483
1 0.54640858 0.04687500 0.04151119 0.05512640
1 0.74277052 0.12113764 0.02658582 0.03160112
1 0.56389925 0.12025983 0.01445896 0.00948034
1 0.70615672 0.12605337 0.02472015 0.02036517
1 0.69986007 0.14870084 0.02985075 0.02492978
1 0.40636660 0.17099719 0.01842351 0.02106742
1 0.19566231 0.17485955 0.00979478 0.00983146
1 0.18073694 0.18275983 0.01912313 0.02352528
1 0.42723881 0.18398876 0.01166045 0.02036517
1 0.53428172 0.20733848 0.01958955 0.02563202
1 0.44892724 0.23753511 0.07229478 0.06214888
1 0.59083489 0.21962781 0.02448694 0.01931180
1 0.68038713 0.23613062 0.00956157 0.01650281
1 0.51340951 0.27422753 0.08092351 0.06039326
1 0.67420709 0.27387640 0.03171642 0.04775281
1 0.36042444 0.26264045 0.00629664 0.01193820
1 0.45429104 0.28072331 0.01445896 0.02773876
1 0.40286847 0.30196629 0.01609142 0.01966292
1 0.52448694 0.32110253 0.01259328 0.02914326
1 0.64493937 0.31724017 0.01375933 0.02141854
1 0.44274720 0.33040730 0.01375933 0.01825843
1 0.41627799 0.34936798 0.00979478 0.01264045
1 0.44799440 0.36323736 0.01305970 0.01580056
1 0.70475746 0.36516854 0.02005597 0.01966292
1 0.64808769 0.36499298 0.00979478 0.01790730
1 0.69496269 0.39501404 0.02938433 0.04564607
1 0.36567164 0.40168539 0.01539179 0.01544944
1 0.65216884 0.42398174 0.03334888 0.05301966
1 0.66487873 0.42433287 0.00792910 0.00737360
1 0.65426772 0.46190309 0.01469216 0.01509831
1 0.71105410 0.47261236 0.01166045 0.02457865
1 0.32567631 0.61007725 0.08418843 0.13377809
1 0.60552705 0.59375000 0.01515858 0.02528090
1 0.71000466 0.60481039 0.01469216 0.01650281
1 0.78171642 0.61604635 0.01725746 0.03335674
1 0.69076493 0.66625702 0.03311567 0.05582865
1 0.65671642 0.64554073 0.01212687 0.00948034
1 0.77005597 0.66678371 0.03264925 0.05266854
1 0.71245336 0.67275281 0.01772388 0.04283708
1 0.57602612 0.66695927 0.02472015 0.02703652
1 0.23787313 0.66450140 0.01072761 0.01931180
1 0.61310634 0.69575140 0.03498134 0.04740169
1 0.40286847 0.72805478 0.05387127 0.07619382
1 0.49183769 0.70154494 0.00979478 0.01896067
1 0.70499067 0.70856742 0.01352612 0.02457865
1 0.46735075 0.72120787 0.01305970 0.02879213
1 0.58069030 0.73332163 0.01912313 0.02563202
1 0.36438899 0.73349719 0.02168843 0.01896067
1 0.48833955 0.77334972 0.01119403 0.02844101
1 0.53194963 0.78125000 0.02938433 0.03300562
1 0.59829757 0.81425562 0.03568097 0.04073034
1 0.52133862 0.80301966 0.01422575 0.01544944
1 0.58675373 0.90607444 0.02238806 0.03757022
1 0.58663713 0.95259831 0.01982276 0.01896067
2 0.41243004 0.00983146 0.01655784 0.01966292
2 0.54139459 0.00579354 0.02308769 0.01158708
2 0.58010728 0.00860253 0.01049440 0.01650281
2 0.59421642 0.01000702 0.00932836 0.01931180
2 0.42642257 0.00438904 0.00722948 0.00596910
2 0.51819030 0.00491573 0.00699627 0.00702247
2 0.37698228 0.00632022 0.00489739 0.00561798
2 0.62010261 0.00790028 0.00606343 0.00667135
2 0.43190299 0.03388343 0.03451493 0.05723315
2 0.60809235 0.01369382 0.01282649 0.01685393
2 0.39598881 0.01000702 0.00559701 0.00456461
2 0.38875933 0.02931882 0.02705224 0.03546348
2 0.62884795 0.01509831 0.00396455 0.00491573
2 0.45195896 0.05617978 0.06529851 0.08567416
2 0.52110541 0.02194522 0.00909515 0.01369382
2 0.35039646 0.01966292 0.00443097 0.00772472
2 0.40764925 0.02159410 0.00699627 0.00948034
2 0.36497201 0.02176966 0.00419776 0.00632022
2 0.61975280 0.02422753 0.00816231 0.00983146
2 0.35342817 0.04090590 0.02868470 0.04248596
2 0.37185168 0.02475421 0.00536381 0.00596910
2 0.61345616 0.03721910 0.00769590 0.00983146
2 0.60611007 0.05003511 0.02798507 0.03265449
2 0.40951493 0.04055478 0.00979478 0.01228933
2 0.37045243 0.03932584 0.00349813 0.00561798
2 0.62488340 0.04617275 0.01422575 0.01790730
2 0.37733209 0.04248596 0.00559701 0.00632022
2 0.56541511 0.04863062 0.00676306 0.01158708
2 0.64015858 0.05214185 0.00792910 0.01650281
2 0.37908116 0.05301966 0.01049440 0.01193820
2 0.58057369 0.05179073 0.00396455 0.00456461
2 0.40240205 0.06074438 0.01982276 0.02176966
2 0.68003731 0.08374298 0.03358209 0.05442416
2 0.33080690 0.06285112 0.00676306 0.00842697
2 0.37441698 0.06162219 0.00769590 0.00667135
2 0.50000000 0.06232444 0.00466418 0.00526685
2 0.63397854 0.09076545 0.04874067 0.06144663
2 0.41802705 0.07110253 0.01282649 0.01509831
2 0.60296175 0.06618680 0.00443097 0.00526685
2 0.72014925 0.06688904 0.00466418 0.00316011
2 0.17887127 0.09129213 0.02238806 0.04564607
2 0.34106810 0.07408708 0.00629664 0.00912921
2 0.50501399 0.07285815 0.00349813 0.00526685
2 0.33034049 0.07514045 0.00303172 0.00561798
2 0.48833955 0.07724719 0.00979478 0.00912921
2 0.38304571 0.07654494 0.00862873 0.00702247
2 0.70300840 0.07654494 0.00722948 0.00632022
2 0.35097948 0.08058287 0.01305970 0.01369382
2 0.52530317 0.08005618 0.00909515 0.01053371
2 0.57625933 0.07988062 0.00699627 0.00667135
2 0.53871269 0.08023174 0.00326493 0.00316011
2 0.50769590 0.08233848 0.00326493 0.00456461
2 0.53451493 0.08848315 0.00699627 0.00772472
2 0.55981810 0.09023876 0.01282649 0.01193820
2 0.60272854 0.09252107 0.01189366 0.01158708
2 0.33780317 0.09796348 0.02262127 0.02176966
2 0.57427705 0.09058989 0.00349813 0.00561798
2 0.32287780 0.09076545 0.00396455 0.00456461
2 0.52145522 0.09252107 0.00466418 0.00596910
2 0.48927239 0.09533006 0.00699627 0.00948034
2 0.54419310 0.09638343 0.00862873 0.01158708
2 0.50769590 0.09550562 0.00419776 0.00632022
2 0.53894590 0.10481039 0.02238806 0.02352528
2 0.48297575 0.10007022 0.00559701 0.00842697
2 0.55783582 0.10516152 0.02145522 0.01860955
2 0.51865672 0.09954354 0.00513060 0.00596910
2 0.31763060 0.10077247 0.00373134 0.00491573
2 0.57894123 0.10603933 0.00489739 0.01123596
2 0.51364272 0.10691713 0.00909515 0.01158708
2 0.41231343 0.10709270 0.01212687 0.00983146
2 0.46175373 0.10463483 0.00419776 0.00491573
2 0.31308302 0.11235955 0.00349813 0.00632022
2 0.32474347 0.11306180 0.01096082 0.00632022
2 0.55503731 0.11200843 0.00419776 0.00491573
2 0.56902985 0.11200843 0.00373134 0.00280899
2 0.29850746 0.11587079 0.00792910 0.00632022
2 0.30655317 0.11534410 0.00396455 0.00596910
2 0.39867071 0.11780197 0.00256530 0.00386236
2 0.30317164 0.12447331 0.01259328 0.00877809
2 0.39528918 0.12183989 0.00233209 0.00351124
2 0.31751399 0.12640449 0.00489739 0.00702247
2 0.32147854 0.13570927 0.01049440 0.01088483
2 0.63118004 0.16625702 0.08791978 0.06636236
2 0.28673041 0.13834270 0.00722948 0.00632022
2 0.58815299 0.13851826 0.00373134 0.00526685
2 0.33057369 0.14343399 0.00629664 0.00948034
2 0.30398787 0.14220506 0.00349813 0.00561798
2 0.64400653 0.14290730 0.01236007 0.00772472
2 0.29384328 0.14238062 0.00326493 0.00526685
2 0.58348881 0.14729635 0.00652985 0.00596910
2 0.38596082 0.15625000 0.01212687 0.02247191
2 0.32672575 0.15326545 0.00513060 0.01369382
2 0.34631530 0.15080758 0.00513060 0.00316011
2 0.59036847 0.15308989 0.00349813 0.00491573
2 0.28008396 0.15484551 0.00419776 0.00561798
2 0.32019590 0.15695225 0.00419776 0.00280899
2 0.37581623 0.15958567 0.00303172 0.00456461
2 0.27553638 0.16204354 0.00489739 0.00807584
2 0.37138526 0.16292135 0.00489739 0.00702247
2 0.28941231 0.16590590 0.00326493 0.00526685
2 0.31751399 0.16573034 0.00256530 0.00491573
2 0.70883862 0.16836376 0.00722948 0.00807584
2 0.30923507 0.16941713 0.00699627 0.00386236
2 0.72807836 0.17029494 0.00559701 0.00561798
2 0.35820896 0.17134831 0.00373134 0.00561798
2 0.27297108 0.17450843 0.00443097 0.00702247
2 0.68190299 0.20066713 0.04570896 0.05933989
2 0.32287780 0.17556180 0.00396455 0.00702247
2 0.36637127 0.17714185 0.01585821 0.00948034
2 0.71653451 0.17591292 0.00629664 0.00702247
2 0.70907183 0.18258427 0.01329291 0.01615169
2 0.74055504 0.18416433 0.00722948 0.01228933
2 0.37849813 0.19013343 0.01026119 0.02212079
2 0.60307836 0.18258427 0.00326493 0.00421348
2 0.25408116 0.18556882 0.00256530 0.00386236
2 0.29361007 0.18627107 0.00233209 0.00596910
2 0.30492071 0.18662219 0.00536381 0.00596910
2 0.26795709 0.18890449 0.00513060 0.00702247
2 0.63712687 0.19030899 0.00559701 0.00842697
2 0.72224813 0.19259129 0.00652985 0.01299157
2 0.32217817 0.19101124 0.00396455 0.00561798
2 0.31156716 0.19469803 0.00419776 0.00667135
2 0.35599347 0.19662921 0.00396455 0.00632022
2 0.75163246 0.19978933 0.00839552 0.01193820
2 0.74218750 0.19978933 0.00536381 0.00842697
2 0.39703825 0.20312500 0.00536381 0.00948034
2 0.29116138 0.20312500 0.00349813 0.00737360
2 0.64435634 0.20172051 0.00233209 0.00386236
2 0.34818097 0.20698736 0.00979478 0.01228933
2 0.60377799 0.20382725 0.00466418 0.00596910
2 0.38875933 0.20488062 0.00652985 0.00667135
2 0.65368470 0.20400281 0.00466418 0.00351124
2 0.71210354 0.20733848 0.01282649 0.01018258
2 0.26725746 0.20593399 0.00326493 0.00456461
2 0.73180970 0.20874298 0.01072761 0.00456461
2 0.39563899 0.21699438 0.00769590 0.01404494
2 0.28603078 0.21418539 0.00443097 0.00491573
2 0.29570896 0.21892556 0.00699627 0.00737360
2 0.75128265 0.22033006 0.00816231 0.01088483
2 0.70312500 0.22787921 0.02005597 0.02387640
2 0.72108209 0.22243680 0.01212687 0.01018258
2 0.40531716 0.22858146 0.01166045 0.01404494
2 0.73763993 0.22893258 0.00326493 0.00421348
2 0.64447295 0.22963483 0.00256530 0.00421348
2 0.34526586 0.23156601 0.00303172 0.00456461
2 0.76236007 0.23595506 0.00652985 0.01334270
2 0.66767724 0.23314607 0.00606343 0.00632022
2 0.72807836 0.23191713 0.00326493 0.00316011
2 0.29326026 0.23437500 0.00303172 0.00456461
2 0.74043843 0.23472612 0.00513060 0.00596910
2 0.35261194 0.23560393 0.00373134 0.00491573
2 0.40053638 0.23806180 0.00396455 0.00702247
2 0.72527985 0.23858848 0.00279851 0.00386236
2 0.41604478 0.24157303 0.00326493 0.00561798
2 0.66604478 0.24122191 0.00699627 0.00421348
2 0.65205224 0.24315309 0.00373134 0.00526685
2 0.73099347 0.24174860 0.00116604 0.00175562
2 0.31529851 0.25175562 0.00792910 0.01615169
2 0.71688433 0.27931882 0.02891791 0.07127809
2 0.73997201 0.24719101 0.00326493 0.00632022
2 0.69694496 0.24841994 0.00349813 0.00526685
2 0.75000000 0.25105337 0.00792910 0.00912921
2 0.65356810 0.24929775 0.00443097 0.00421348
2 0.40590019 0.25105337 0.00396455 0.00632022
2 0.30678638 0.25280899 0.00349813 0.00491573
2 0.36916978 0.26035815 0.01212687 0.01299157
2 0.72994403 0.26053371 0.00746269 0.01193820
2 0.65041978 0.26053371 0.00839552 0.00983146
2 0.74580224 0.26439607 0.01352612 0.01544944
2 0.32707556 0.28160112 0.04081157 0.04564607
2 0.29944030 0.26334270 0.00373134 0.00561798
2 0.40006996 0.26597612 0.00443097 0.00526685
2 0.61368937 0.26913624 0.00443097 0.01088483
2 0.73017724 0.27844101 0.01445896 0.01404494
2 0.62465019 0.27914326 0.01236007 0.01264045
2 0.76667444 0.27528090 0.00256530 0.00491573
2 0.60389459 0.27598315 0.00396455 0.00561798
2 0.63840951 0.28757022 0.00862873 0.01896067
2 0.74895056 0.28212781 0.00676306 0.00737360
2 0.34876399 0.28177669 0.00349813 0.00526685
2 0.76655784 0.28125000 0.00279851 0.00491573
2 0.30200560 0.28230337 0.00373134 0.00561798
2 0.60984142 0.29389045 0.02378731 0.02528090
2 0.29209422 0.30003511 0.01842351 0.02001404
2 0.34946362 0.30284410 0.01002799 0.02492978
2 0.73950560 0.29845506 0.01072761 0.01615169
2 0.34305037 0.29547051 0.00652985 0.00596910
2 0.73810634 0.31794242 0.03498134 0.03686798
2 0.30527052 0.30495084 0.00466418 0.00877809
2 0.37010261 0.30389747 0.00373134 0.00667135
2 0.33372201 0.30793539 0.00559701 0.01053371
2 0.59608209 0.31250000 0.00559701 0.01474719
2 0.31250000 0.30951545 0.00513060 0.00737360
2 0.60412780 0.31127107 0.01002799 0.01088483
2 0.37546642 0.31127107 0.00652985 0.01018258
2 0.36100746 0.31513343 0.00513060 0.00948034
2 0.68889925 0.31548455 0.00513060 0.00596910
2 0.37045243 0.31618680 0.00303172 0.00456461
2 0.55876866 0.31969803 0.00979478 0.00807584
2 0.31926306 0.31846910 0.00326493 0.00351124
2 0.32147854 0.33707865 0.01935634 0.03581461
2 0.33780317 0.32162921 0.00209888 0.00280899
2 0.59573228 0.33110955 0.01375933 0.02036517
2 0.38386194 0.32338483 0.00186567 0.00351124
2 0.50233209 0.32654494 0.00186567 0.00351124
2 0.57590951 0.32777388 0.00396455 0.00596910
2 0.74451959 0.33163624 0.00816231 0.01018258
2 0.57765858 0.33497191 0.00466418 0.00912921
2 0.29897388 0.33760534 0.00839552 0.01088483
2 0.60657649 0.33672753 0.00513060 0.00421348
2 0.38945896 0.33988764 0.00419776 0.00632022
2 0.39680504 0.34497893 0.00489739 0.01439607
2 0.54372668 0.34234551 0.00303172 0.00772472
2 0.73495802 0.39431180 0.03987873 0.11095506
2 0.49137127 0.34410112 0.00233209 0.00351124
2 0.50583022 0.34708567 0.00746269 0.00948034
2 0.60074627 0.34638343 0.00606343 0.00807584
2 0.40496735 0.34743680 0.00349813 0.00596910
2 0.58698694 0.35200140 0.00606343 0.01228933
2 0.53136660 0.35252809 0.01142724 0.01264045
2 0.39435634 0.35779494 0.00513060 0.00772472
2 0.55853545 0.36253511 0.00606343 0.01720506
2 0.40858209 0.35867275 0.00699627 0.00807584
2 0.64249067 0.36165730 0.00652985 0.01123596
2 0.45872201 0.35937500 0.00326493 0.00456461
2 0.46909981 0.36060393 0.00349813 0.00561798
2 0.59514925 0.36692416 0.00699627 0.01896067
2 0.57206157 0.36990871 0.01352612 0.01931180
2 0.76772388 0.36429073 0.00326493 0.00386236
2 0.53556437 0.38553371 0.02075560 0.04494382
2 0.37931437 0.36938202 0.00489739 0.01053371
2 0.51492537 0.36815309 0.00559701 0.00877809
2 0.60342817 0.37359551 0.01096082 0.01755618
2 0.62569963 0.36920646 0.00699627 0.00877809
2 0.37150187 0.36762640 0.00326493 0.00491573
2 0.47516325 0.36832865 0.00536381 0.00491573
2 0.46175373 0.37254213 0.01352612 0.01123596
2 0.47714552 0.37886236 0.00932836 0.01825843
2 0.59235075 0.39238062 0.03125000 0.03265449
2 0.59398321 0.38202247 0.00699627 0.00842697
2 0.46373601 0.38764045 0.00676306 0.01755618
2 0.33022388 0.38342697 0.00419776 0.00772472
2 0.54897388 0.38448034 0.00652985 0.00983146
2 0.52168843 0.38483146 0.00559701 0.00842697
2 0.56203358 0.41695927 0.03171642 0.06355337
2 0.35704291 0.39062500 0.00513060 0.01018258
2 0.48344216 0.39554073 0.01119403 0.02001404
2 0.49871735 0.39554073 0.02028918 0.01720506
2 0.38852612 0.40519663 0.01632463 0.02738764
2 0.45044310 0.39992978 0.00676306 0.01685393
2 0.51877332 0.39378511 0.00349813 0.00386236
2 0.45732276 0.39641854 0.00373134 0.00561798
2 0.54069496 0.41731039 0.01609142 0.03757022
2 0.45720616 0.40466994 0.00396455 0.00526685
2 0.47516325 0.40625000 0.00303172 0.00351124
2 0.52133862 0.40958567 0.00722948 0.00526685
2 0.58115672 0.40853230 0.00233209 0.00316011
2 0.60855877 0.41011236 0.00489739 0.00632022
2 0.60261194 0.41099017 0.00513060 0.00737360
2 0.70650653 0.43275983 0.03148321 0.05021067
2 0.48798974 0.41695927 0.01422575 0.01369382
2 0.58850280 0.41415028 0.00722948 0.00667135
2 0.51375933 0.41590590 0.00279851 0.00526685
2 0.58185634 0.42275281 0.00746269 0.01404494
2 0.60366138 0.41994382 0.00629664 0.00842697
2 0.38351213 0.41994382 0.00256530 0.00491573
2 0.60576026 0.43697331 0.02681903 0.03967697
2 0.47073228 0.42064607 0.00256530 0.00280899
2 0.51784049 0.42064607 0.00209888 0.00210674
2 0.59666511 0.42292837 0.00349813 0.00526685
2 0.57660914 0.42731742 0.00396455 0.00421348
2 0.50583022 0.42977528 0.00326493 0.00842697
2 0.45137593 0.43398876 0.00722948 0.00983146
2 0.57917444 0.45172051 0.02028918 0.04178371
2 0.48087687 0.46418539 0.03544776 0.06390449
2 0.61217351 0.45540730 0.02611940 0.04002809
2 0.53416511 0.44417135 0.00443097 0.01544944
2 0.54186101 0.44066011 0.00303172 0.00421348
2 0.50746269 0.44224017 0.00326493 0.00596910
2 0.46187034 0.44241573 0.00209888 0.00351124
2 0.48484142 0.44241573 0.00466418 0.00421348
2 0.52576959 0.44399579 0.00349813 0.00526685
2 0.48997201 0.44820927 0.00233209 0.00245787
2 0.54792444 0.45084270 0.00349813 0.00491573
2 0.55841884 0.46313202 0.01702425 0.02738764
2 0.45545709 0.45856742 0.01119403 0.01474719
2 0.63421175 0.45558287 0.00909515 0.00877809
2 0.54465951 0.45417837 0.00396455 0.00386236
2 0.58861940 0.48630618 0.01725746 0.06811798
2 0.48530784 0.45646067 0.00419776 0.00702247
2 0.52786847 0.45523174 0.00256530 0.00386236
2 0.53544776 0.46383427 0.01259328 0.01615169
2 0.50886194 0.45962079 0.00279851 0.00421348
2 0.46548507 0.46594101 0.00559701 0.01544944
2 0.54640858 0.47155899 0.00979478 0.02317416
2 0.72924440 0.46436096 0.00466418 0.00316011
2 0.69671175 0.46523876 0.00209888 0.00280899
2 0.52518657 0.46910112 0.00559701 0.00632022
2 0.63397854 0.46822331 0.00443097 0.00526685
2 0.62185168 0.47191011 0.00536381 0.00702247
2 0.69402985 0.47138343 0.00419776 0.00526685
2 0.72493004 0.47103230 0.00583022 0.00456461
2 0.68120336 0.47963483 0.01119403 0.02036517
2 0.46023787 0.47261236 0.00256530 0.00421348
2 0.53078358 0.47278792 0.00279851 0.00456461
2 0.62476679 0.48261938 0.00932836 0.01650281
2 0.63654384 0.48156601 0.01329291 0.01369382
2 0.47201493 0.47998596 0.00513060 0.00702247
2 0.60715951 0.49631320 0.02028918 0.03827247
2 0.52623601 0.48033708 0.00303172 0.00491573
2 0.55363806 0.48033708 0.00419776 0.00421348
2 0.59969683 0.48103933 0.00303172 0.00351124
2 0.57672575 0.48577949 0.00419776 0.00948034
2 0.44857743 0.48472612 0.00396455 0.00526685
2 0.46128731 0.48613062 0.00606343 0.00596910
2 0.52973414 0.48806180 0.00816231 0.00983146
2 0.45347481 0.48999298 0.00256530 0.00316011
2 0.44717817 0.49016854 0.00209888 0.00280899
2 0.63945896 0.51088483 0.03638060 0.04424157
2 0.54722481 0.49139747 0.00256530 0.00316011
2 0.43889925 0.54389045 0.11707090 0.10393258
2 0.67490672 0.49982444 0.00979478 0.01580056
2 0.43808302 0.49683989 0.00722948 0.00912921
2 0.66266325 0.49578652 0.00396455 0.00561798
2 0.70149254 0.49490871 0.00513060 0.00386236
2 0.62138526 0.50386236 0.01236007 0.01896067
2 0.49440299 0.49859551 0.00186567 0.00351124
2 0.69531250 0.50526685 0.00909515 0.01615169
2 0.50233209 0.50263343 0.00373134 0.00596910
2 0.53777985 0.50842697 0.01352612 0.01825843
2 0.49871735 0.50456461 0.00349813 0.00491573
2 0.68563433 0.50930478 0.00606343 0.00948034
2 0.55527052 0.51141152 0.00699627 0.00667135
2 0.51364272 0.51176264 0.00349813 0.00526685
2 0.65240205 0.51281601 0.00209888 0.00316011
2 0.52238806 0.51544944 0.00419776 0.00632022
2 0.67863806 0.51439607 0.00373134 0.00491573
2 0.48740672 0.51562500 0.00559701 0.00456461
2 0.50268190 0.51527388 0.00256530 0.00245787
2 0.57182836 0.52773876 0.01632463 0.02738764
2 0.51387593 0.53599017 0.02122201 0.04037921
2 0.59818097 0.52176966 0.00979478 0.01053371
2 0.61357276 0.52071629 0.00233209 0.00351124
2 0.48775653 0.52247191 0.00396455 0.00491573
2 0.49836754 0.52247191 0.00326493 0.00561798
2 0.58582090 0.52879213 0.01026119 0.01474719
2 0.64972015 0.52422753 0.00326493 0.00491573
2 0.48997201 0.52984551 0.00513060 0.00842697
2 0.55515392 0.53616573 0.00629664 0.01193820
2 0.61648787 0.54143258 0.01002799 0.01053371
2 0.46163713 0.53809691 0.00256530 0.00316011
2 0.60599347 0.54476826 0.01282649 0.01650281
2 0.46758396 0.54073034 0.00186567 0.00280899
2 0.53743004 0.54213483 0.00489739 0.00491573
2 0.59025187 0.55249298 0.01492537 0.01720506
2 0.61567164 0.55495084 0.00792910 0.01860955
2 0.57870802 0.54898174 0.00443097 0.00456461
2 0.49323694 0.55038624 0.00466418 0.00456461
2 0.50408116 0.56478230 0.01609142 0.02071629
2 0.57870802 0.56285112 0.00443097 0.00983146
2 0.58208955 0.56039326 0.00279851 0.00280899
2 0.61835354 0.56583567 0.00209888 0.00316011
2 0.64027519 0.56759129 0.00489739 0.00737360
2 0.51784049 0.59234551 0.04127799 0.05337079
2 0.61019123 0.56864466 0.00256530 0.00386236
2 0.58593750 0.56934691 0.00443097 0.00316011
2 0.14365672 0.57127809 0.00279851 0.00561798
2 0.62255131 0.57092697 0.00256530 0.00351124
2 0.54524254 0.57127809 0.00186567 0.00280899
2 0.44822761 0.57443820 0.00326493 0.00421348
2 0.63432836 0.57461376 0.00279851 0.00386236
2 0.45872201 0.58672753 0.03218284 0.02247191
2 0.51084422 0.57970506 0.00256530 0.00351124
2 0.62686567 0.58251404 0.00419776 0.00632022
2 0.65426772 0.58268961 0.00349813 0.00316011
2 0.39307369 0.58655197 0.01329291 0.00807584
2 0.47411381 0.60516152 0.06669776 0.04459270
2 0.43680037 0.59006320 0.00979478 0.01158708
2 0.63094683 0.58971208 0.00722948 0.00737360
2 0.42385728 0.59462781 0.01469216 0.01299157
2 0.41336287 0.59620787 0.00209888 0.00421348
2 0.64132463 0.60235253 0.01166045 0.01439607
2 0.46315299 0.60042135 0.00233209 0.00421348
2 0.43540112 0.60568820 0.00979478 0.01334270
2 0.66744403 0.60129916 0.00093284 0.00245787
2 0.65998134 0.60287921 0.00326493 0.00280899
2 0.42409049 0.60884831 0.01049440 0.01334270
2 0.66697761 0.60674157 0.00559701 0.00632022
2 0.41254664 0.61218399 0.00419776 0.00667135
2 0.65753265 0.61604635 0.00256530 0.00456461
2 0.65030317 0.61727528 0.00396455 0.00351124
2 0.66417910 0.62131320 0.00419776 0.00526685
2 0.49626866 0.62219101 0.00419776 0.00351124
2 0.43854944 0.62991573 0.00862873 0.01544944
2 0.46093750 0.62728230 0.00489739 0.00807584
2 0.42700560 0.63219803 0.01259328 0.01158708
2 0.44904384 0.63412921 0.00769590 0.01334270
2 0.08500466 0.63412921 0.00536381 0.00561798
2 0.46268657 0.64360955 0.01399254 0.01474719
2 0.43703358 0.64870084 0.00839552 0.01369382
2 0.44379664 0.65835674 0.01026119 0.00702247
2 0.46723414 0.67327949 0.00489739 0.00948034
2 0.56494869 0.69364466 0.00489739 0.00667135
2 0.74230410 0.78195225 0.00373134 0.00280899
2 0.70464086 0.78528792 0.00163246 0.00316011
2 0.46082090 0.80108848 0.00373134 0.00807584
2 0.45522388 0.80389747 0.00373134 0.00737360
2 0.46035448 0.81285112 0.01119403 0.01123596
2 0.44927705 0.81355337 0.00769590 0.00912921
2 0.43306903 0.89132725 0.00326493 0.00526685
2 0.27028918 0.94013343 0.00419776 0.00596910
3 0.23612407 0.10902388 0.02495336 0.02703652
3 0.52040578 0.19504916 0.02262127 0.03546348
3 0.60121269 0.58602528 0.01026119 0.01755618
3 0.30783582 0.62131320 0.02145522 0.04108146
