0 0.65450093 0.00825140 0.00536381 0.00807584
0 0.23087687 0.02808989 0.00373134 0.00561798
0 0.67082556 0.03757022 0.00303172 0.00491573
0 0.59818097 0.03950140 0.00373134 0.00596910
0 0.59771455 0.06372893 0.00279851 0.00456461
0 0.27938433 0.07882725 0.00466418 0.00667135
0 0.24708489 0.08584972 0.00209888 0.00316011
0 0.23425840 0.08918539 0.00256530 0.00421348
0 0.28731343 0.09550562 0.00279851 0.00351124
0 0.19181437 0.10182584 0.00396455 0.00561798
0 0.21735075 0.12201545 0.00419776 0.00596910
0 0.22049907 0.12675562 0.00349813 0.00561798
0 0.38234608 0.14027388 0.00443097 0.00456461
0 0.43318563 0.14870084 0.00349813 0.00456461
0 0.72749534 0.14922753 0.00443097 0.00561798
0 0.70767257 0.15326545 0.00256530 0.00316011
0 0.72224813 0.15484551 0.00373134 0.00561798
0 0.22539646 0.17327949 0.00489739 0.00737360
0 0.43166978 0.17854635 0.00419776 0.00526685
0 0.42513993 0.18908006 0.00792910 0.01299157
0 0.41732743 0.19294242 0.00536381 0.00877809
0 0.62418377 0.19382022 0.00536381 0.00702247
0 0.62931437 0.19540028 0.00163246 0.00245787
0 0.22737873 0.20031601 0.00326493 0.00526685
0 0.62476679 0.20207163 0.00419776 0.00526685
0 0.63176306 0.22331461 0.00279851 0.00351124
0 0.40974813 0.22647472 0.00419776 0.00632022
0 0.61077425 0.24350421 0.00233209 0.00386236
0 0.65275187 0.24578652 0.00233209 0.00351124
0 0.63654384 0.24736657 0.00349813 0.00456461
0 0.62243470 0.24929775 0.00233209 0.00280899
0 0.66138060 0.26790730 0.00279851 0.00491573
0 0.65286847 0.29371489 0.00209888 0.00316011
0 0.10587687 0.33567416 0.00513060 0.00702247
0 0.70114272 0.33707865 0.00303172 0.00421348
0 0.15788246 0.35007022 0.00326493 0.00561798
0 0.67560634 0.35200140 0.00373134 0.00526685
0 0.71921642 0.36797753 0.00373134 0.00491573
0 0.60109608 0.37710674 0.00396455 0.00561798
0 0.69239739 0.38307584 0.00233209 0.00351124
0 0.67292444 0.38658708 0.00256530 0.00421348
0 0.68936567 0.40800562 0.00513060 0.00702247
0 0.72877799 0.40800562 0.00373134 0.00561798
0 0.70149254 0.41362360 0.00326493 0.00491573
0 0.70522388 0.41695927 0.00326493 0.00456461
0 0.71781716 0.41906601 0.00373134 0.00596910
0 0.70137593 0.42099719 0.00443097 0.00561798
0 0.70615672 0.42679073 0.00466418 0.00667135
0 0.69146455 0.43732444 0.00606343 0.00807584
0 0.71536847 0.44259129 0.00489739 0.00667135
0 0.64878731 0.45084270 0.00326493 0.00491573
0 0.66417910 0.45066713 0.00279851 0.00386236
0 0.65205224 0.45330056 0.00279851 0.00491573
0 0.70452425 0.45505618 0.00606343 0.00842697
0 0.61613806 0.45540730 0.00419776 0.00702247
0 0.81844683 0.45593399 0.00349813 0.00596910
0 0.67152519 0.45593399 0.00349813 0.00456461
0 0.63642724 0.46295646 0.00326493 0.00456461
0 0.65939832 0.46330758 0.00349813 0.00456461
0 0.63001399 0.46752107 0.00443097 0.00877809
0 0.69624534 0.46752107 0.00396455 0.00667135
0 0.66581157 0.47226124 0.00373134 0.00561798
0 0.71583489 0.47349017 0.00256530 0.00386236
0 0.68971549 0.47629916 0.00443097 0.00667135
0 0.63374534 0.48209270 0.00536381 0.00772472
0 0.77390392 0.48507725 0.00396455 0.00526685
0 0.64249067 0.48981742 0.00559701 0.00912921
0 0.71222015 0.48999298 0.00419776 0.00737360
0 0.67898787 0.49245084 0.00536381 0.00807584
0 0.69414646 0.49438202 0.00396455 0.00632022
0 0.70242537 0.49403090 0.00373134 0.00561798
0 0.65764925 0.49894663 0.00513060 0.00842697
0 0.68306903 0.50491573 0.00279851 0.00491573
0 0.71898321 0.50772472 0.00279851 0.00491573
0 0.72306437 0.51035815 0.00349813 0.00667135
0 0.67863806 0.51176264 0.00419776 0.00667135
0 0.72924440 0.51264045 0.00419776 0.00702247
0 0.67467351 0.51983848 0.00373134 0.00667135
0 0.71630131 0.52089185 0.00256530 0.00386236
0 0.73355877 0.52966994 0.00443097 0.00807584
0 0.77495336 0.52896770 0.00326493 0.00456461
0 0.59631530 0.53230337 0.00233209 0.00421348
0 0.59351679 0.53704354 0.00279851 0.00456461
0 0.81996269 0.53757022 0.00326493 0.00491573
0 0.50513060 0.53862360 0.00326493 0.00491573
0 0.77460354 0.53932584 0.00256530 0.00351124
0 0.75233209 0.58233848 0.00326493 0.00596910
0 0.74265392 0.58532303 0.00303172 0.00491573
0 0.62523321 0.58690309 0.00373134 0.00667135
0 0.63479478 0.60972612 0.00466418 0.00667135
0 0.67175840 0.61534410 0.00396455 0.00667135
0 0.75011660 0.61622191 0.00349813 0.00561798
0 0.71490205 0.62183989 0.00443097 0.00632022
0 0.64797108 0.62377107 0.00303172 0.00596910
0 0.61462220 0.63711376 0.00303172 0.00526685
0 0.63199627 0.66186798 0.00139925 0.00210674
0 0.74137127 0.68627107 0.00419776 0.00596910
0 0.22749534 0.70136938 0.00396455 0.00596910
0 0.21665112 0.70786517 0.00466418 0.00702247
0 0.72353078 0.70804073 0.00349813 0.00456461
0 0.72481343 0.71716994 0.00233209 0.00456461
0 0.49218750 0.72717697 0.00536381 0.00842697
0 0.71781716 0.72419242 0.00186567 0.00316011
0 0.71863340 0.72910815 0.00209888 0.00316011
0 0.54874067 0.73648174 0.00373134 0.00596910
0 0.20732276 0.74139747 0.00559701 0.00807584
0 0.26422575 0.75245787 0.00326493 0.00561798
0 0.73647388 0.75140449 0.00279851 0.00421348
0 0.46898321 0.76509831 0.00513060 0.00842697
0 0.76014459 0.81636236 0.00349813 0.00491573
0 0.44997668 0.84269663 0.00349813 0.00632022
0 0.66604478 0.85165028 0.00326493 0.00456461
0 0.50221549 0.88272472 0.00256530 0.00421348
0 0.74253731 0.88676264 0.00279851 0.00456461
0 0.65869869 0.93469101 0.00396455 0.00561798
0 0.65473414 0.93662219 0.00396455 0.00526685
0 0.65823228 0.94241573 0.00443097 0.00632022
0 0.65123601 0.94733146 0.00256530 0.00491573
1 0.24813433 0.02176966 0.00466418 0.00421348
1 0.23927239 0.02580758 0.00839552 0.00877809
1 0.24743470 0.05056180 0.01912313 0.03651685
1 0.23682369 0.04090590 0.01422575 0.01439607
1 0.28299907 0.04880618 0.01469216 0.01334270
1 0.26539179 0.06601124 0.01632463 0.02176966
1 0.23274254 0.06425562 0.01166045 0.00912921
1 0.27880131 0.08637640 0.02448694 0.01474719
1 0.29710821 0.09304775 0.01026119 0.01474719
1 0.21875000 0.10182584 0.00746269 0.00842697
1 0.18481810 0.10568820 0.02122201 0.01193820
1 0.23285914 0.17784410 0.00676306 0.01018258
1 0.61287313 0.18486657 0.00979478 0.00877809
1 0.61765392 0.21295646 0.01749067 0.01439607
1 0.64354011 0.24350421 0.01049440 0.01088483
1 0.68003731 0.29037921 0.02611940 0.06811798
1 0.69356343 0.30846208 0.00979478 0.01369382
1 0.65438433 0.37289326 0.02845149 0.04073034
1 0.63584422 0.37851124 0.00909515 0.01193820
1 0.52950093 0.38535815 0.02821828 0.02422753
1 0.71117071 0.40168539 0.00769590 0.00983146
1 0.82381063 0.42064607 0.02355410 0.03721910
1 0.66266325 0.41502809 0.01096082 0.02036517
1 0.69624534 0.42275281 0.01375933 0.01966292
1 0.68015392 0.44224017 0.02635261 0.04108146
1 0.70522388 0.43978230 0.00699627 0.01228933
1 0.75419776 0.45979635 0.01772388 0.02844101
1 0.73309235 0.47612360 0.03521455 0.02808989
1 0.61065765 0.47278792 0.00956157 0.01439607
1 0.65053638 0.50491573 0.01469216 0.02528090
1 0.67105877 0.50474017 0.00443097 0.01299157
1 0.58453825 0.56724017 0.01329291 0.02001404
1 0.73635728 0.57882725 0.01795709 0.02773876
1 0.83931903 0.58637640 0.01912313 0.02879213
1 0.52821828 0.59884129 0.02098881 0.02984551
1 0.61648787 0.61832865 0.00816231 0.01896067
1 0.62115205 0.62693118 0.00489739 0.01650281
1 0.62744869 0.62693118 0.00583022 0.01369382
1 0.63537780 0.63851826 0.00909515 0.01439607
1 0.73798974 0.64905197 0.00489739 0.00877809
1 0.72702892 0.65308989 0.00909515 0.00702247
1 0.73344216 0.65835674 0.00559701 0.00772472
1 0.48145989 0.71313202 0.01702425 0.01474719
1 0.26410914 0.74034410 0.01142724 0.01088483
1 0.73239272 0.79582163 0.01189366 0.02492978
1 0.66837687 0.86920646 0.01399254 0.02422753
2 0.75198228 0.27650983 0.00303172 0.00386236
2 0.48309235 0.42801966 0.00209888 0.00421348
2 0.48600746 0.43890449 0.00233209 0.00491573
2 0.55352146 0.44171348 0.00303172 0.00632022
2 0.78766325 0.44294242 0.00209888 0.00245787
2 0.51119403 0.45031601 0.00746269 0.01299157
2 0.52052239 0.45470506 0.00932836 0.01755618
2 0.55305504 0.45312500 0.00303172 0.00737360
2 0.54932369 0.45224719 0.00209888 0.00351124
2 0.53498134 0.45716292 0.00559701 0.00772472
2 0.49965019 0.45909410 0.00163246 0.00456461
2 0.50734608 0.45979635 0.00256530 0.00456461
2 0.48215951 0.46418539 0.00256530 0.00491573
2 0.53218284 0.46857444 0.00419776 0.01018258
2 0.55410448 0.46734551 0.00233209 0.00561798
2 0.51679104 0.46699438 0.00373134 0.00421348
2 0.54745802 0.46822331 0.00256530 0.00456461
2 0.47854478 0.47120787 0.00559701 0.00912921
2 0.56016791 0.47155899 0.00606343 0.00983146
2 0.48577425 0.47507022 0.00279851 0.00421348
2 0.74941698 0.47594803 0.00443097 0.00667135
2 0.49300373 0.47700140 0.00233209 0.00456461
2 0.50816231 0.47928371 0.00186567 0.00421348
2 0.48752332 0.48174157 0.00209888 0.00351124
2 0.49895056 0.48946629 0.00256530 0.00491573
2 0.48332556 0.48929073 0.00116604 0.00386236
2 0.50443097 0.49403090 0.00513060 0.00702247
2 0.55037313 0.49596208 0.00233209 0.00386236
2 0.50104944 0.49859551 0.00209888 0.00351124
2 0.50839552 0.50000000 0.00233209 0.00632022
2 0.56098414 0.50280899 0.00349813 0.00702247
2 0.56284981 0.51176264 0.00349813 0.00596910
2 0.77915112 0.51088483 0.00279851 0.00491573
2 0.80562034 0.53950140 0.00303172 0.00526685
2 0.77215485 0.54108146 0.00233209 0.00421348
2 0.78101679 0.54301264 0.00373134 0.00386236
2 0.80946828 0.55424860 0.00279851 0.00245787
2 0.77040578 0.56636236 0.00256530 0.00351124
2 0.70359142 0.57882725 0.00186567 0.00456461
2 0.76667444 0.58093399 0.00303172 0.00456461
2 0.76247668 0.59392556 0.00443097 0.00526685
2 0.52460354 0.60235253 0.00862873 0.00948034
2 0.74883396 0.60674157 0.00279851 0.00421348
2 0.52332090 0.61745084 0.00419776 0.00596910
2 0.76737407 0.61674860 0.00396455 0.00386236
2 0.72201493 0.62447331 0.00233209 0.00386236
2 0.68528451 0.66116573 0.00163246 0.00280899
2 0.67024254 0.66169242 0.00233209 0.00316011
2 0.70592351 0.70084270 0.00233209 0.00351124
2 0.59619869 0.71278090 0.00256530 0.00491573
2 0.68073694 0.71681882 0.00419776 0.00456461
2 0.60272854 0.73630618 0.00769590 0.00842697
2 0.58593750 0.74034410 0.00209888 0.00245787
2 0.25583022 0.74719101 0.00419776 0.00702247
2 0.58465485 0.74613764 0.00186567 0.00210674
2 0.63327892 0.74806882 0.00163246 0.00386236
2 0.60284515 0.75456461 0.00279851 0.00491573
3 0.81494869 0.67134831 0.01842351 0.04775281
