0 0.29582556 0.04248596 0.00443097 0.00632022
0 0.24941698 0.06267556 0.00396455 0.00807584
0 0.62954757 0.06074438 0.00303172 0.00421348
0 0.63549440 0.06794242 0.00419776 0.00667135
0 0.22586287 0.11323736 0.00489739 0.00807584
0 0.63805970 0.13342697 0.00606343 0.00772472
0 0.64074160 0.14167837 0.00256530 0.00386236
0 0.65473414 0.14413624 0.00256530 0.00526685
0 0.65088619 0.14536517 0.00419776 0.00561798
0 0.40764925 0.14694522 0.00279851 0.00456461
0 0.66068097 0.15221208 0.00746269 0.01088483
0 0.22854478 0.16450140 0.00513060 0.00667135
0 0.15473414 0.17292837 0.00396455 0.00667135
0 0.21571828 0.17731742 0.00513060 0.01123596
0 0.56868004 0.17538624 0.00443097 0.00667135
0 0.65193563 0.20066713 0.00583022 0.00877809
0 0.13316231 0.23735955 0.00466418 0.00772472
0 0.53952892 0.24367978 0.00303172 0.00491573
0 0.61392257 0.26158708 0.00396455 0.00702247
0 0.64272388 0.26228933 0.00279851 0.00351124
0 0.62383396 0.27633427 0.00186567 0.00351124
0 0.59666511 0.29757725 0.00489739 0.00667135
0 0.60097948 0.32935393 0.00279851 0.00421348
0 0.70662313 0.33198736 0.00466418 0.00667135
0 0.75093284 0.33163624 0.00419776 0.00596910
0 0.46140392 0.33883427 0.00256530 0.00421348
0 0.59561567 0.36657303 0.00233209 0.00351124
0 0.59106810 0.37377107 0.00443097 0.00667135
0 0.53229944 0.38711376 0.00396455 0.00596910
0 0.44368004 0.39396067 0.00396455 0.00561798
0 0.53020056 0.42327949 0.00303172 0.00456461
0 0.39528918 0.42959972 0.00419776 0.00596910
0 0.12849813 0.43433989 0.00419776 0.00772472
0 0.43062034 0.43644663 0.00256530 0.00421348
0 0.33931903 0.45681180 0.00652985 0.00842697
0 0.44519590 0.45804073 0.00279851 0.00386236
0 0.11870336 0.47366573 0.00419776 0.00491573
0 0.40590019 0.47436798 0.00303172 0.00561798
0 0.41243004 0.48613062 0.00489739 0.00737360
0 0.44356343 0.50017556 0.00326493 0.00667135
0 0.73402519 0.53072331 0.00256530 0.00386236
0 0.41476213 0.53476124 0.00489739 0.00351124
0 0.39890392 0.54143258 0.00536381 0.00912921
0 0.69333022 0.54178371 0.00419776 0.00772472
0 0.50886194 0.55372191 0.00279851 0.00491573
0 0.66686101 0.56214888 0.00396455 0.00632022
0 0.52565299 0.56460674 0.00559701 0.00772472
0 0.71863340 0.57496489 0.00163246 0.00245787
0 0.64039179 0.58479635 0.00373134 0.00596910
0 0.52646922 0.59146770 0.00209888 0.00316011
0 0.18027052 0.59462781 0.00513060 0.00667135
0 0.35680970 0.60761938 0.00513060 0.00456461
0 0.65076959 0.61815309 0.00629664 0.00807584
0 0.60366138 0.61938202 0.00256530 0.00421348
0 0.37278451 0.62324438 0.00349813 0.00561798
0 0.54186101 0.63061798 0.00209888 0.00280899
0 0.58791978 0.63448034 0.00419776 0.00561798
0 0.52903451 0.65273876 0.00583022 0.01334270
0 0.48332556 0.65695225 0.00489739 0.00702247
0 0.54361007 0.67240169 0.00652985 0.01123596
0 0.74207090 0.67661517 0.00373134 0.00491573
0 0.16208022 0.70312500 0.00513060 0.00807584
0 0.58290578 0.71506320 0.00536381 0.00737360
0 0.55690299 0.71804775 0.00233209 0.00351124
0 0.44216418 0.74841994 0.00233209 0.00386236
0 0.76749067 0.75491573 0.00373134 0.00632022
0 0.77157183 0.76738062 0.00629664 0.01018258
0 0.60471082 0.77071629 0.00513060 0.00772472
0 0.45300840 0.77106742 0.00349813 0.00491573
0 0.63782649 0.77036517 0.00326493 0.00421348
0 0.65578358 0.80442416 0.00279851 0.00421348
0 0.24953358 0.80881320 0.00466418 0.00667135
0 0.25548041 0.81934691 0.00256530 0.00386236
0 0.74708489 0.82268258 0.00303172 0.00491573
0 0.27472015 0.82426264 0.00326493 0.00456461
0 0.25862873 0.82847612 0.00326493 0.00456461
0 0.74160448 0.83567416 0.00419776 0.00632022
0 0.52157183 0.85516152 0.00303172 0.00316011
0 0.61881996 0.86797753 0.00443097 0.00702247
0 0.74510261 0.87500000 0.00419776 0.00632022
0 0.73145989 0.87587781 0.00396455 0.00526685
0 0.56424907 0.87570225 0.00349813 0.00421348
0 0.55165578 0.87938904 0.00349813 0.00596910
0 0.51539179 0.88079354 0.00466418 0.00386236
0 0.72399720 0.88342697 0.00629664 0.00983146
0 0.52122201 0.88202247 0.00326493 0.00351124
0 0.63899254 0.88606039 0.00326493 0.00456461
0 0.64155784 0.89115169 0.00279851 0.00421348
0 0.31902985 0.90291433 0.00419776 0.00596910
0 0.33488806 0.90835674 0.00326493 0.00421348
0 0.33034049 0.91151685 0.00349813 0.00702247
0 0.68341884 0.91678371 0.00676306 0.00912921
0 0.55037313 0.92117275 0.00373134 0.00596910
0 0.57579291 0.94364466 0.00419776 0.00596910
0 0.57590951 0.95470506 0.00443097 0.00561798
0 0.62826493 0.96716994 0.00559701 0.00807584
0 0.55527052 0.96681882 0.00559701 0.00596910
1 0.56926306 0.09638343 0.03125000 0.02703652
1 0.60261194 0.10042135 0.01679104 0.01334270
1 0.65286847 0.11481742 0.02821828 0.03089888
1 0.59036847 0.11376404 0.01096082 0.01544944
1 0.72446362 0.11639747 0.00396455 0.00807584
1 0.61485541 0.13483146 0.01609142 0.02457865
1 0.45312500 0.16537921 0.01305970 0.02598315
1 0.58383862 0.15747893 0.00349813 0.01018258
1 0.48157649 0.18117978 0.01072761 0.01264045
1 0.50128265 0.18714888 0.00676306 0.01404494
1 0.63269590 0.19785815 0.00186567 0.00807584
1 0.62744869 0.23507725 0.01002799 0.01158708
1 0.67828825 0.26773174 0.01142724 0.01018258
1 0.74848414 0.28809691 0.00769590 0.01509831
1 0.57392724 0.29248596 0.00746269 0.00983146
1 0.45557369 0.41292135 0.01189366 0.01264045
1 0.36380597 0.41432584 0.01958955 0.00842697
1 0.42082556 0.47191011 0.00862873 0.02738764
1 0.72411381 0.55653090 0.01072761 0.01193820
1 0.37663246 0.58040730 0.01865672 0.03230337
1 0.09118470 0.60761938 0.00652985 0.01580056
1 0.50489739 0.62289326 0.00606343 0.00491573
1 0.40508396 0.65660112 0.02891791 0.03370787
1 0.75034981 0.66151685 0.00629664 0.01264045
1 0.58780317 0.69382022 0.00816231 0.01193820
1 0.13456157 0.74508427 0.01072761 0.01615169
1 0.31961287 0.76983848 0.00536381 0.00807584
1 0.26387593 0.77457865 0.00583022 0.00983146
1 0.67537313 0.81127107 0.01585821 0.02212079
1 0.76877332 0.83479635 0.01842351 0.02633427
1 0.71571828 0.90519663 0.01026119 0.01966292
1 0.34013526 0.90537219 0.00583022 0.00877809
1 0.55468750 0.91239466 0.01002799 0.01931180
1 0.33418843 0.91555478 0.00606343 0.00456461
1 0.62569963 0.91695927 0.01166045 0.00737360
1 0.58430504 0.91959270 0.02541978 0.01123596
2 0.41476213 0.03019663 0.00489739 0.00702247
2 0.44368004 0.04037921 0.00256530 0.00702247
2 0.73589086 0.07478933 0.00676306 0.00772472
2 0.53964552 0.08584972 0.01166045 0.01509831
2 0.53101679 0.08707865 0.00466418 0.01123596
2 0.53673041 0.09971910 0.00583022 0.00842697
2 0.62721549 0.20400281 0.01282649 0.03300562
2 0.61357276 0.20663624 0.00373134 0.00316011
2 0.61112407 0.21278090 0.00209888 0.00491573
2 0.59958022 0.21365871 0.00233209 0.00526685
2 0.64423974 0.22033006 0.00676306 0.01088483
2 0.61986940 0.22507022 0.00652985 0.01264045
2 0.65228545 0.22559691 0.00139925 0.00386236
2 0.65100280 0.23068820 0.00303172 0.00561798
2 0.65648321 0.23086376 0.00186567 0.00596910
2 0.59934701 0.23121489 0.00373134 0.00596910
2 0.65520056 0.23929073 0.00396455 0.00596910
2 0.64808769 0.24262640 0.00279851 0.00351124
2 0.60447761 0.24701545 0.01212687 0.01088483
2 0.64377332 0.24385534 0.00256530 0.00456461
2 0.62465019 0.24613764 0.00303172 0.00351124
2 0.64890392 0.24929775 0.00676306 0.00912921
2 0.59130131 0.25105337 0.00396455 0.00983146
2 0.61368937 0.25298455 0.00583022 0.00877809
2 0.59584888 0.25860253 0.00279851 0.00456461
2 0.59958022 0.26439607 0.00373134 0.00842697
2 0.63969216 0.26562500 0.00279851 0.00737360
2 0.59025187 0.26878511 0.00513060 0.00737360
2 0.65181903 0.27492978 0.01026119 0.01685393
2 0.60272854 0.27282303 0.00443097 0.00702247
2 0.61182369 0.27440309 0.00862873 0.01088483
2 0.62919776 0.27650983 0.00559701 0.00596910
2 0.59036847 0.27966994 0.00629664 0.01158708
2 0.69053172 0.28054775 0.00652985 0.00561798
2 0.62849813 0.29213483 0.00559701 0.01685393
2 0.57975746 0.28721910 0.00279851 0.00421348
2 0.61707090 0.29617275 0.01166045 0.01860955
2 0.60564366 0.29301264 0.00513060 0.00807584
2 0.58652052 0.30038624 0.00699627 0.01158708
2 0.68201959 0.29634831 0.00256530 0.00421348
2 0.61112407 0.31372893 0.02355410 0.03405899
2 0.51819030 0.31478230 0.02192164 0.03335674
2 0.65753265 0.30073736 0.00303172 0.00526685
2 0.60062966 0.30372191 0.00629664 0.00702247
2 0.68715019 0.30477528 0.00536381 0.00702247
2 0.69519590 0.30477528 0.00233209 0.00351124
2 0.65263526 0.30600421 0.00443097 0.00526685
2 0.59130131 0.31144663 0.00722948 0.01404494
2 0.45685634 0.31197331 0.00326493 0.00596910
2 0.55410448 0.31495787 0.00792910 0.01123596
2 0.66208022 0.31267556 0.00233209 0.00456461
2 0.46210354 0.31425562 0.00256530 0.00632022
2 0.65263526 0.31478230 0.00163246 0.00456461
2 0.51270989 0.31636236 0.00209888 0.00491573
2 0.59806437 0.31636236 0.00256530 0.00351124
2 0.44216418 0.32338483 0.00233209 0.00772472
2 0.45872201 0.32461376 0.00466418 0.00948034
2 0.44752799 0.32303371 0.00373134 0.00280899
2 0.49906716 0.33339185 0.01352612 0.02141854
2 0.65788246 0.32619382 0.00326493 0.00351124
2 0.55573694 0.32917837 0.00326493 0.00667135
2 0.44566231 0.33163624 0.00559701 0.00877809
2 0.77670243 0.33128511 0.00303172 0.00737360
2 0.43668377 0.34339888 0.01329291 0.02949438
2 0.45265858 0.33181180 0.00233209 0.00561798
2 0.54652519 0.34023876 0.02541978 0.02317416
2 0.59351679 0.33444522 0.00792910 0.01088483
2 0.54979011 0.33216292 0.00209888 0.00351124
2 0.65659981 0.33251404 0.00396455 0.00491573
2 0.44974347 0.33620084 0.00443097 0.01018258
2 0.51982276 0.33532303 0.00606343 0.00772472
2 0.61077425 0.33883427 0.01352612 0.01474719
2 0.62546642 0.33462079 0.00279851 0.00280899
2 0.73810634 0.33655197 0.00419776 0.00667135
2 0.60669310 0.35112360 0.02821828 0.03019663
2 0.68505131 0.34234551 0.00536381 0.01264045
2 0.45638993 0.34006320 0.00279851 0.00667135
2 0.49183769 0.35603933 0.01632463 0.03792135
2 0.72516325 0.34058989 0.00676306 0.00702247
2 0.62290112 0.33936096 0.00186567 0.00316011
2 0.76445896 0.35393258 0.01026119 0.02879213
2 0.57287780 0.34339888 0.00396455 0.00491573
2 0.74743470 0.34550562 0.00652985 0.00983146
2 0.56681437 0.35639045 0.00676306 0.02528090
2 0.57625933 0.35112360 0.00559701 0.01193820
2 0.62476679 0.34691011 0.00373134 0.00351124
2 0.75536381 0.34796348 0.00559701 0.00632022
2 0.54489272 0.34831461 0.00256530 0.00491573
2 0.73507463 0.35849719 0.01632463 0.02528090
2 0.71630131 0.36376404 0.01609142 0.03230337
2 0.44904384 0.35182584 0.00443097 0.00632022
2 0.46058769 0.35305478 0.00326493 0.00596910
2 0.62569963 0.36025281 0.01212687 0.02036517
2 0.68411847 0.35252809 0.00303172 0.00491573
2 0.69694496 0.35200140 0.00349813 0.00456461
2 0.42688899 0.36604635 0.01329291 0.02984551
2 0.55410448 0.35761938 0.00839552 0.01088483
2 0.58558769 0.35551264 0.00279851 0.00526685
2 0.44437966 0.35656601 0.00116604 0.00175562
2 0.70440765 0.36393961 0.00862873 0.01650281
2 0.57672575 0.36411517 0.00559701 0.01404494
2 0.69927705 0.36148174 0.00536381 0.00807584
2 0.53148321 0.36183287 0.00186567 0.00316011
2 0.61217351 0.37851124 0.01259328 0.03651685
2 0.55678638 0.36551966 0.00489739 0.00912921
2 0.48262593 0.36376404 0.00209888 0.00351124
2 0.48647388 0.36429073 0.00186567 0.00316011
2 0.41849347 0.36639747 0.00256530 0.00386236
2 0.60354478 0.36885534 0.00606343 0.00807584
2 0.41371269 0.36797753 0.00326493 0.00421348
2 0.54372668 0.37096208 0.00396455 0.00948034
2 0.64925373 0.36885534 0.00326493 0.00386236
2 0.40694963 0.37131320 0.00466418 0.00807584
2 0.55468750 0.37306882 0.00536381 0.00667135
2 0.70953825 0.37359551 0.00722948 0.00842697
2 0.73215951 0.38623596 0.01422575 0.02949438
2 0.76026119 0.37412219 0.00233209 0.00526685
2 0.48600746 0.37412219 0.00186567 0.00175562
2 0.65461754 0.38325140 0.01305970 0.02071629
2 0.54909049 0.37570225 0.00209888 0.00351124
2 0.55760261 0.37903792 0.00559701 0.00877809
2 0.49801772 0.39448736 0.01795709 0.03897472
2 0.54034515 0.37780899 0.00186567 0.00280899
2 0.43505131 0.38167135 0.00443097 0.00842697
2 0.59701493 0.38904494 0.00839552 0.02317416
2 0.58756996 0.38044242 0.00163246 0.00386236
2 0.67747201 0.38992275 0.01772388 0.02141854
2 0.69181437 0.38518258 0.00443097 0.00702247
2 0.57590951 0.38412921 0.00116604 0.00210674
2 0.48006063 0.38974719 0.00909515 0.01193820
2 0.75221549 0.38570927 0.00396455 0.00456461
2 0.55783582 0.38922051 0.00513060 0.00948034
2 0.42805504 0.38834270 0.00209888 0.00210674
2 0.56669776 0.39290730 0.00839552 0.01193820
2 0.58057369 0.39431180 0.01049440 0.01474719
2 0.43621735 0.38957163 0.00116604 0.00386236
2 0.73915578 0.39167837 0.00629664 0.00667135
2 0.41977612 0.39167837 0.00373134 0.00526685
2 0.42852146 0.39150281 0.00209888 0.00280899
2 0.43318563 0.39150281 0.00163246 0.00351124
2 0.55293843 0.39536517 0.00326493 0.00632022
2 0.75373134 0.39922753 0.00792910 0.01264045
2 0.42117537 0.40150983 0.00932836 0.01509831
2 0.53941231 0.40870787 0.01119403 0.02808989
2 0.69146455 0.39729635 0.00373134 0.00526685
2 0.70125933 0.39747191 0.00326493 0.00561798
2 0.47726213 0.39957865 0.00676306 0.00632022
2 0.48507463 0.40115871 0.00606343 0.00948034
2 0.57241138 0.40572331 0.00862873 0.01931180
2 0.52740205 0.39992978 0.00256530 0.00561798
2 0.51201026 0.41257022 0.01002799 0.02528090
2 0.61147388 0.40221208 0.00326493 0.00386236
2 0.71140392 0.40695225 0.00769590 0.01264045
2 0.42688899 0.40203652 0.00069963 0.00140449
2 0.58208955 0.40431882 0.00419776 0.00526685
2 0.42583955 0.40958567 0.00886194 0.01018258
2 0.59456623 0.40835674 0.00303172 0.00561798
2 0.66686101 0.41046348 0.00256530 0.00983146
2 0.43038713 0.40730337 0.00163246 0.00280899
2 0.73017724 0.40923455 0.00419776 0.00596910
2 0.58290578 0.41011236 0.00209888 0.00280899
2 0.43936567 0.41239466 0.00279851 0.00456461
2 0.67992071 0.41818820 0.01002799 0.01544944
2 0.41954291 0.41257022 0.00233209 0.00280899
2 0.59608209 0.41502809 0.00326493 0.00561798
2 0.67000933 0.43223315 0.01119403 0.04002809
2 0.48530784 0.41889045 0.00886194 0.00983146
2 0.64377332 0.41801264 0.00769590 0.00807584
2 0.43085354 0.42398174 0.01749067 0.01931180
2 0.47539646 0.41766152 0.00349813 0.00667135
2 0.50011660 0.41871489 0.00443097 0.00667135
2 0.70965485 0.41959270 0.00233209 0.00421348
2 0.58208955 0.42099719 0.00186567 0.00421348
2 0.65636660 0.44066011 0.01562500 0.04073034
2 0.52611940 0.44627809 0.01958955 0.04915730
2 0.47586287 0.42959972 0.01096082 0.01509831
2 0.60797575 0.42433287 0.00186567 0.00456461
2 0.72073228 0.42591292 0.00536381 0.00772472
2 0.44554571 0.42731742 0.00303172 0.00912921
2 0.49743470 0.42468399 0.00186567 0.00316011
2 0.57590951 0.42556180 0.00209888 0.00280899
2 0.68913246 0.43556882 0.01166045 0.01931180
2 0.45930504 0.42837079 0.00489739 0.00351124
2 0.51154384 0.43469101 0.00396455 0.01615169
2 0.68027052 0.43100421 0.00373134 0.00807584
2 0.49731810 0.44382022 0.01469216 0.03230337
2 0.71047108 0.43697331 0.00396455 0.00737360
2 0.72423041 0.43574438 0.00163246 0.00491573
2 0.70055970 0.43872893 0.00652985 0.00737360
2 0.45918843 0.44575140 0.01585821 0.01931180
2 0.59351679 0.44048455 0.00559701 0.00737360
2 0.71525187 0.44329354 0.00699627 0.01018258
2 0.14260728 0.44610253 0.00909515 0.01439607
2 0.69682836 0.44469803 0.00606343 0.01088483
2 0.44951026 0.44382022 0.00629664 0.00632022
2 0.47691231 0.44610253 0.00746269 0.00948034
2 0.58512127 0.44785815 0.00652985 0.01369382
2 0.67957090 0.44768258 0.00886194 0.01193820
2 0.72609608 0.44785815 0.00722948 0.00737360
2 0.48542444 0.44803371 0.00303172 0.00491573
2 0.54302705 0.44785815 0.00163246 0.00386236
2 0.63152985 0.45733848 0.01119403 0.02282303
2 0.45452425 0.45031601 0.00559701 0.00667135
2 0.68516791 0.45347612 0.00652985 0.01228933
2 0.71222015 0.45435393 0.00233209 0.00983146
2 0.71921642 0.45101826 0.00279851 0.00316011
2 0.44706157 0.45312500 0.00466418 0.00596910
2 0.49125466 0.45505618 0.00349813 0.00632022
2 0.46933302 0.46471208 0.01236007 0.01509831
2 0.48122668 0.45944522 0.00256530 0.00386236
2 0.49207090 0.46471208 0.00513060 0.00948034
2 0.13899254 0.46945225 0.00886194 0.01544944
2 0.55305504 0.46541433 0.00303172 0.00386236
2 0.47772854 0.47454354 0.00816231 0.01158708
2 0.50501399 0.47050562 0.00303172 0.00421348
2 0.50886194 0.48068820 0.00233209 0.00351124
2 0.53136660 0.48244382 0.00349813 0.00702247
2 0.50536381 0.48613062 0.00466418 0.01018258
2 0.83442164 0.49403090 0.00326493 0.00912921
2 0.55060634 0.49508427 0.00279851 0.00491573
2 0.12803172 0.49701545 0.00466418 0.00667135
2 0.14272388 0.50052669 0.01072761 0.01299157
2 0.50128265 0.49947331 0.00163246 0.00245787
2 0.49428638 0.50351124 0.00209888 0.00351124
2 0.50186567 0.50614466 0.00699627 0.00807584
2 0.49696828 0.50754916 0.00139925 0.00386236
2 0.85517724 0.50930478 0.00419776 0.00456461
2 0.73215951 0.51334270 0.00303172 0.00632022
2 0.49533582 0.51369382 0.00233209 0.00421348
2 0.48297575 0.51544944 0.00326493 0.00421348
2 0.50513060 0.51615169 0.00186567 0.00421348
2 0.44309701 0.51966292 0.00373134 0.00702247
2 0.48309235 0.52089185 0.00209888 0.00386236
2 0.80736940 0.52176966 0.00419776 0.00421348
2 0.48810634 0.52282303 0.00186567 0.00421348
2 0.50536381 0.52282303 0.00186567 0.00421348
2 0.84981343 0.52370084 0.00373134 0.00386236
2 0.49871735 0.52510534 0.00209888 0.00386236
2 0.51632463 0.53107444 0.00652985 0.01509831
2 0.82649254 0.52738764 0.00233209 0.00280899
2 0.83325560 0.52984551 0.00279851 0.00351124
2 0.49218750 0.53037219 0.00163246 0.00245787
2 0.81704757 0.53458567 0.00489739 0.00667135
2 0.47784515 0.53950140 0.00279851 0.00596910
2 0.81250000 0.53792135 0.00279851 0.00210674
2 0.48612407 0.54705056 0.00769590 0.01615169
2 0.49370336 0.54669944 0.00559701 0.01053371
2 0.83208955 0.54336376 0.00326493 0.00316011
2 0.49976679 0.54494382 0.00279851 0.00421348
2 0.47971082 0.54669944 0.00233209 0.00421348
2 0.44029851 0.54652388 0.00233209 0.00316011
2 0.48157649 0.55214185 0.00186567 0.00386236
2 0.49918377 0.55670646 0.01142724 0.01228933
2 0.49195429 0.55793539 0.00536381 0.01123596
2 0.42968750 0.55565309 0.00209888 0.00316011
2 0.78708022 0.55723315 0.00513060 0.00491573
2 0.40939832 0.56583567 0.00816231 0.00948034
2 0.76177705 0.56706461 0.00396455 0.00491573
2 0.39692164 0.56969803 0.00513060 0.00737360
2 0.40170243 0.58251404 0.00862873 0.00772472
2 0.39750466 0.60059691 0.00956157 0.01369382
2 0.63677705 0.59743680 0.00256530 0.00456461
2 0.46268657 0.61077949 0.00233209 0.00316011
2 0.63479478 0.61165730 0.00233209 0.00491573
2 0.41499534 0.61235955 0.00722948 0.00561798
2 0.45638993 0.61604635 0.00093284 0.00245787
2 0.43994869 0.62254213 0.00349813 0.00561798
2 0.70720616 0.62324438 0.00349813 0.00421348
2 0.69193097 0.62658006 0.00419776 0.00386236
2 0.62534981 0.64659410 0.01282649 0.02703652
2 0.64750466 0.63623596 0.00396455 0.00421348
2 0.63759328 0.66257022 0.00279851 0.00491573
2 0.68470149 0.74841994 0.00233209 0.00386236
2 0.68365205 0.75158006 0.00349813 0.00316011
2 0.69076493 0.76106039 0.00606343 0.00877809
2 0.67852146 0.76281601 0.00443097 0.00948034
2 0.66686101 0.76492275 0.00676306 0.00807584
2 0.68703358 0.76597612 0.00746269 0.00877809
2 0.68201959 0.76966292 0.00769590 0.00632022
2 0.67304104 0.76948736 0.00419776 0.00386236
2 0.67828825 0.78072331 0.00676306 0.01158708
2 0.68983209 0.78142556 0.01026119 0.01088483
2 0.64680504 0.82865169 0.00769590 0.01193820
2 0.57999067 0.82514045 0.00139925 0.00210674
2 0.72481343 0.83356742 0.00373134 0.00561798
2 0.54197761 0.83479635 0.00233209 0.00316011
2 0.53229944 0.84410112 0.00256530 0.00351124
2 0.54804104 0.84497893 0.00139925 0.00245787
2 0.53346549 0.84936798 0.00209888 0.00280899
2 0.63724347 0.85832163 0.00303172 0.00526685
2 0.53731343 0.86148174 0.00839552 0.00807584
2 0.66126399 0.86200843 0.00303172 0.00561798
2 0.51644123 0.86639747 0.00303172 0.00386236
2 0.70860541 0.86780197 0.00256530 0.00526685
2 0.53346549 0.87043539 0.00583022 0.00912921
2 0.66767724 0.95716292 0.01632463 0.01825843
2 0.65391791 0.96716994 0.00559701 0.01158708
3 0.69041511 0.15993680 0.02215485 0.06636236
