0 0.31868004 0.06021770 0.00536381 0.00596910
0 0.17852146 0.28792135 0.00303172 0.00421348
0 0.49358675 0.30530197 0.00443097 0.00667135
0 0.74696828 0.44382022 0.00792910 0.01123596
0 0.36473881 0.49420646 0.00373134 0.00526685
0 0.41091418 0.52247191 0.00373134 0.00632022
0 0.41651119 0.53862360 0.00373134 0.00561798
0 0.40111940 0.54266152 0.00419776 0.00737360
0 0.80130597 0.67310393 0.00466418 0.00772472
0 0.81261660 0.68047753 0.00256530 0.00421348
0 0.80165578 0.68732444 0.00163246 0.00316011
0 0.23833955 0.69838483 0.00559701 0.00842697
0 0.70359142 0.82830056 0.00419776 0.00702247
0 0.22481343 0.91186798 0.00559701 0.01053371
1 0.51434235 0.02826545 0.01142724 0.02001404
1 0.61065765 0.06443118 0.03568097 0.07338483
1 0.51422575 0.06653792 0.01772388 0.03897472
1 0.25291511 0.07882725 0.00909515 0.00807584
1 0.29209422 0.13922051 0.01702425 0.02282303
1 0.26049440 0.14009831 0.02285448 0.01544944
1 0.26550840 0.16116573 0.02635261 0.02528090
1 0.58722015 0.16344803 0.01958955 0.02282303
1 0.29139459 0.15712781 0.00862873 0.00667135
1 0.73752332 0.17169944 0.01236007 0.03019663
1 0.29221082 0.16625702 0.00886194 0.00386236
1 0.33617071 0.23016152 0.01935634 0.02141854
1 0.60739272 0.75351124 0.03428172 0.03511236
1 0.55981810 0.79845506 0.05153918 0.10042135
1 0.31541511 0.75825140 0.01515858 0.01509831
1 0.20918843 0.87587781 0.01492537 0.02844101
1 0.63864272 0.92345506 0.02355410 0.05266854
1 0.60715951 0.92731742 0.02448694 0.04494382
1 0.57346082 0.90888343 0.01072761 0.00737360
2 0.31261660 0.53037219 0.00396455 0.00456461
2 0.71117071 0.56197331 0.00396455 0.00386236
2 0.15438433 0.57110253 0.00279851 0.00737360
2 0.21070429 0.57285815 0.00349813 0.00596910
2 0.31611474 0.57233146 0.00256530 0.00491573
2 0.19029851 0.57970506 0.00606343 0.00842697
2 0.30783582 0.57917837 0.00373134 0.00596910
2 0.70720616 0.57935393 0.00349813 0.00491573
2 0.19927705 0.59287219 0.00256530 0.00456461
2 0.29489272 0.59480337 0.00209888 0.00561798
2 0.20265858 0.59726124 0.00233209 0.00702247
2 0.19099813 0.59708567 0.00326493 0.00456461
2 0.18703358 0.59954354 0.00279851 0.00596910
2 0.19939366 0.59954354 0.00186567 0.00596910
2 0.29244403 0.60691713 0.00792910 0.01509831
2 0.37161847 0.60410815 0.00536381 0.00807584
2 0.28369869 0.60709270 0.00816231 0.01193820
2 0.19519590 0.60516152 0.00233209 0.00386236
2 0.17828825 0.60990169 0.00256530 0.00702247
2 0.17035914 0.61235955 0.00349813 0.00421348
2 0.77425373 0.61745084 0.00373134 0.00526685
2 0.69589552 0.62394663 0.00746269 0.01053371
2 0.37126866 0.62394663 0.00233209 0.00772472
2 0.76142724 0.63816713 0.00513060 0.00596910
2 0.26236007 0.64150281 0.00233209 0.00632022
2 0.79384328 0.64378511 0.00606343 0.00737360
2 0.36730410 0.64360955 0.00233209 0.00491573
2 0.84433302 0.64624298 0.00163246 0.00245787
2 0.70219216 0.65028090 0.00792910 0.00491573
2 0.84363340 0.65186096 0.00163246 0.00245787
2 0.81914646 0.65537219 0.00676306 0.00737360
2 0.79570896 0.65993680 0.00652985 0.00526685
2 0.74242071 0.66415028 0.00583022 0.00948034
2 0.81693097 0.66379916 0.00233209 0.00456461
2 0.82404384 0.66590590 0.00396455 0.00807584
2 0.77355410 0.66678371 0.00233209 0.00491573
2 0.83745336 0.68363764 0.00326493 0.00632022
2 0.79652519 0.70663624 0.00862873 0.02001404
2 0.75594683 0.74841994 0.00489739 0.00807584
2 0.74918377 0.74806882 0.00303172 0.00526685
2 0.76690765 0.75052669 0.00396455 0.00737360
2 0.78964552 0.82373596 0.00746269 0.01334270
2 0.16779384 0.83233848 0.00536381 0.00877809
2 0.23460821 0.87219101 0.00279851 0.00772472
2 0.53393190 0.93697331 0.00209888 0.00386236
2 0.53113340 0.94294242 0.00583022 0.00456461
2 0.51958955 0.95365169 0.00186567 0.00351124
2 0.51387593 0.96436096 0.00256530 0.00877809
2 0.52262127 0.96330758 0.00279851 0.00456461
2 0.49242071 0.96787219 0.00209888 0.00316011
2 0.52483675 0.96839888 0.00349813 0.00421348
2 0.48180970 0.97085674 0.00326493 0.00632022
2 0.53113340 0.97542135 0.00303172 0.00421348
2 0.53451493 0.97700140 0.00186567 0.00386236
2 0.44169776 0.97840590 0.00419776 0.00526685
2 0.48519123 0.97805478 0.00349813 0.00526685
2 0.53824627 0.97823034 0.00186567 0.00351124
2 0.53043377 0.98051264 0.00583022 0.00596910
2 0.46770056 0.98735955 0.00396455 0.00561798
2 0.51037780 0.99016854 0.00209888 0.00421348
2 0.53113340 0.98999298 0.00349813 0.00316011
2 0.53649720 0.99016854 0.00396455 0.00421348
2 0.47562966 0.99315309 0.00209888 0.00316011
2 0.53871269 0.99332865 0.00186567 0.00280899
3 0.45125933 0.06478230 0.02052239 0.04459270
3 0.71665112 0.33128511 0.03171642 0.07900281
3 0.57765858 0.94733146 0.04804104 0.08146067
3 0.48868937 0.92468399 0.01655784 0.02492978
3 0.59806437 0.97682584 0.02541978 0.04634831
