0 0.25023321 0.18767556 0.00419776 0.00596910
0 0.27938433 0.21225421 0.00279851 0.00456461
0 0.21618470 0.23033708 0.00326493 0.00561798
0 0.32264459 0.25245787 0.00396455 0.00561798
0 0.22248134 0.27931882 0.00419776 0.00526685
0 0.20673974 0.28458567 0.00396455 0.00877809
0 0.41534515 0.28370787 0.00559701 0.00702247
0 0.39388993 0.30881320 0.00373134 0.00526685
0 0.18073694 0.35639045 0.00606343 0.01053371
0 0.12441698 0.36165730 0.00303172 0.00491573
0 0.61112407 0.41257022 0.00396455 0.00632022
0 0.11916978 0.46699438 0.00279851 0.00421348
0 0.59654851 0.56776685 0.00326493 0.00561798
0 0.59340019 0.57514045 0.00349813 0.00561798
0 0.59211754 0.62798455 0.00326493 0.00526685
0 0.76620802 0.67345506 0.00489739 0.00702247
0 0.76084422 0.68837781 0.00536381 0.00596910
0 0.73694030 0.75052669 0.00373134 0.00596910
0 0.24498601 0.76632725 0.00443097 0.00667135
0 0.21070429 0.77510534 0.00396455 0.00526685
0 0.47737873 0.80688202 0.00559701 0.00632022
0 0.15625000 0.80828652 0.00513060 0.00702247
0 0.19123134 0.81724017 0.00419776 0.00667135
1 0.67059235 0.06144663 0.00536381 0.01755618
1 0.27285448 0.13588483 0.00699627 0.01193820
1 0.25373134 0.17433287 0.01352612 0.01790730
1 0.38094683 0.21541433 0.03148321 0.04037921
1 0.42665578 0.22647472 0.02448694 0.01404494
1 0.47154851 0.24438202 0.05550373 0.03441011
1 0.38176306 0.25772472 0.02192164 0.02949438
1 0.20825560 0.26053371 0.01072761 0.02176966
1 0.40018657 0.26158708 0.00886194 0.00632022
1 0.34724813 0.30653090 0.00886194 0.01825843
1 0.32975746 0.30617978 0.00839552 0.01474719
1 0.33255597 0.32794944 0.01585821 0.01825843
1 0.35039646 0.32847612 0.00909515 0.01509831
1 0.13969216 0.38342697 0.00466418 0.01053371
1 0.58325560 0.58233848 0.01352612 0.01158708
1 0.13910914 0.71646770 0.01562500 0.03054775
1 0.16639459 0.76650281 0.01842351 0.04213483
1 0.24090485 0.77545646 0.00559701 0.00596910
1 0.19519590 0.78195225 0.00513060 0.00983146
1 0.45662313 0.79564607 0.01632463 0.00702247
1 0.63397854 0.81197331 0.00816231 0.01228933
1 0.32800840 0.86446629 0.04221082 0.03370787
1 0.40216884 0.85393258 0.00816231 0.00561798
1 0.56774720 0.91467697 0.05713619 0.04494382
1 0.70289179 0.94926264 0.01166045 0.01860955
2 0.39657183 0.14343399 0.00303172 0.00456461
2 0.35960821 0.25596910 0.00792910 0.01615169
2 0.34573228 0.25930478 0.00303172 0.01228933
2 0.42945429 0.26527388 0.00583022 0.01088483
2 0.36648787 0.26492275 0.00536381 0.00807584
2 0.34293377 0.26878511 0.00676306 0.00948034
2 0.36077425 0.27106742 0.00466418 0.01053371
2 0.43236940 0.29073034 0.00466418 0.01264045
2 0.38736007 0.29353933 0.01492537 0.01544944
2 0.41849347 0.29792837 0.00303172 0.00245787
2 0.43435168 0.30582865 0.00769590 0.01685393
2 0.43575093 0.29933287 0.00256530 0.00386236
2 0.42630597 0.31302669 0.00652985 0.00948034
2 0.42000933 0.31583567 0.00792910 0.01088483
2 0.40625000 0.31530899 0.00279851 0.00421348
2 0.41417910 0.32356039 0.00373134 0.00526685
2 0.42444030 0.32356039 0.00233209 0.00386236
2 0.36403918 0.32830056 0.00279851 0.00421348
2 0.42070896 0.33163624 0.00419776 0.00596910
2 0.40928172 0.33374298 0.00466418 0.00526685
2 0.41767724 0.33690309 0.00792910 0.00807584
2 0.43038713 0.33778090 0.00489739 0.00491573
2 0.37721549 0.34655899 0.01702425 0.02176966
2 0.39307369 0.34023876 0.00256530 0.00561798
2 0.36380597 0.34216994 0.00419776 0.00737360
2 0.41767724 0.34339888 0.00373134 0.00421348
2 0.42117537 0.34655899 0.00326493 0.00491573
2 0.40916511 0.34638343 0.00303172 0.00245787
2 0.38491138 0.34813904 0.00163246 0.00245787
2 0.36532183 0.34989466 0.00163246 0.00316011
2 0.38351213 0.35270365 0.00209888 0.00316011
2 0.36415578 0.35445927 0.00349813 0.00526685
2 0.40415112 0.35533708 0.00373134 0.00351124
2 0.35949160 0.37341994 0.01142724 0.03405899
2 0.42922108 0.35955056 0.00209888 0.00561798
2 0.40496735 0.36499298 0.00443097 0.00596910
2 0.36672108 0.36604635 0.00209888 0.00245787
2 0.41861007 0.36797753 0.00279851 0.00421348
2 0.39715485 0.37236657 0.00373134 0.00316011
2 0.37604944 0.37974017 0.00303172 0.00596910
2 0.39773787 0.38535815 0.00396455 0.00526685
2 0.41114739 0.39413624 0.00279851 0.00386236
2 0.35844216 0.39483848 0.00233209 0.00386236
2 0.38992537 0.39905197 0.00419776 0.00667135
2 0.39820429 0.39747191 0.00209888 0.00351124
2 0.40496735 0.40133427 0.00349813 0.00561798
2 0.36753731 0.40730337 0.00373134 0.00561798
2 0.39062500 0.41467697 0.00792910 0.01404494
2 0.81518190 0.68293539 0.00396455 0.00702247
2 0.79244403 0.68872893 0.00419776 0.00877809
2 0.79069496 0.69961376 0.00489739 0.00596910
3 0.55631996 0.02686096 0.02541978 0.04318820
3 0.29197761 0.04582163 0.03731343 0.02001404
3 0.39855410 0.25860253 0.02565299 0.05091292
3 0.75058302 0.73964185 0.02075560 0.03476124
3 0.78125000 0.78879916 0.04850746 0.07549157
3 0.18470149 0.76913624 0.01912313 0.03405899
3 0.74230410 0.85603933 0.01492537 0.02668539
3 0.71210354 0.92205056 0.03008396 0.04073034
3 0.54221082 0.96330758 0.01679104 0.02914326
