0 0.35214552 0.03686798 0.00606343 0.00842697
0 0.34095149 0.03458567 0.00233209 0.00316011
0 0.56716418 0.08778090 0.00326493 0.00421348
0 0.54524254 0.09620787 0.00279851 0.00491573
0 0.54034515 0.10287921 0.00279851 0.00491573
0 0.33885261 0.12166433 0.00373134 0.00526685
0 0.35366138 0.14606742 0.00536381 0.00632022
0 0.31436567 0.17205056 0.00326493 0.00491573
0 0.29430970 0.18574438 0.00373134 0.00632022
0 0.55655317 0.20207163 0.00769590 0.01088483
0 0.53533116 0.23086376 0.00349813 0.00526685
0 0.56588153 0.23735955 0.00396455 0.00632022
0 0.17898787 0.24297753 0.01049440 0.01615169
0 0.12581623 0.24367978 0.00349813 0.00491573
0 0.63164646 0.28423455 0.00209888 0.00526685
0 0.55363806 0.28792135 0.00326493 0.00491573
0 0.56250000 0.29582163 0.00652985 0.00807584
0 0.21245336 0.30266854 0.00419776 0.00632022
0 0.49067164 0.33409410 0.00279851 0.00667135
0 0.67758862 0.34322331 0.00722948 0.01158708
0 0.65951493 0.41063904 0.00373134 0.00526685
0 0.65729944 0.41818820 0.00303172 0.00491573
0 0.60272854 0.42679073 0.00489739 0.00877809
0 0.66277985 0.42538624 0.00233209 0.00386236
0 0.14307369 0.47436798 0.00583022 0.00983146
0 0.61473881 0.47893258 0.00326493 0.00561798
0 0.61042444 0.49192416 0.00396455 0.00632022
0 0.58745336 0.50263343 0.00419776 0.00596910
0 0.62639925 0.52598315 0.00606343 0.00912921
0 0.57497668 0.59111657 0.00489739 0.00667135
0 0.44204757 0.59849017 0.00536381 0.00737360
0 0.34549907 0.59936798 0.00256530 0.00421348
0 0.58512127 0.60832163 0.00606343 0.00807584
0 0.56599813 0.61095506 0.00466418 0.00561798
0 0.26329291 0.61516854 0.00466418 0.00561798
0 0.59025187 0.62464888 0.00559701 0.00983146
0 0.28579757 0.62675562 0.00303172 0.00421348
0 0.37021922 0.62763343 0.00256530 0.00456461
0 0.25431437 0.62903792 0.00443097 0.00667135
0 0.63281250 0.65853230 0.00722948 0.01018258
0 0.51014459 0.67152388 0.00443097 0.00667135
0 0.54232743 0.77808989 0.00303172 0.00491573
1 0.49521922 0.16537921 0.10284515 0.12851124
1 0.64773787 0.15133427 0.02355410 0.04073034
1 0.15893190 0.22191011 0.00629664 0.02176966
1 0.50373134 0.25702247 0.06763060 0.08918539
1 0.54361007 0.22138343 0.00932836 0.01720506
1 0.55200560 0.25140449 0.00886194 0.00772472
1 0.37756530 0.26509831 0.01166045 0.01474719
1 0.11438899 0.30407303 0.01842351 0.02247191
1 0.53964552 0.32917837 0.02845149 0.05372191
1 0.60307836 0.31162219 0.01072761 0.01299157
1 0.62080224 0.35779494 0.01632463 0.02879213
1 0.17723881 0.37131320 0.02332090 0.04529494
1 0.11159049 0.40361657 0.01888993 0.06636236
1 0.47084888 0.38500702 0.01166045 0.01158708
1 0.57800840 0.39676966 0.02495336 0.02668539
1 0.34748134 0.39834972 0.01958955 0.01931180
1 0.08861940 0.46962781 0.04664179 0.10919944
1 0.43038713 0.44364466 0.03055037 0.04108146
1 0.58931903 0.44522472 0.01865672 0.04283708
1 0.71595149 0.49701545 0.07695896 0.13167135
1 0.63094683 0.49227528 0.01842351 0.01966292
1 0.34141791 0.49473315 0.01772388 0.00772472
1 0.80468750 0.51193820 0.01749067 0.02247191
1 0.67677239 0.51685393 0.01259328 0.01193820
1 0.12220149 0.56811798 0.03218284 0.03441011
1 0.75524720 0.60691713 0.03708022 0.05863764
1 0.08780317 0.59392556 0.02635261 0.01650281
1 0.70767257 0.59480337 0.01469216 0.01755618
1 0.81704757 0.63851826 0.03055037 0.04950843
1 0.17968750 0.71506320 0.04314366 0.09866573
1 0.17513993 0.79634831 0.04477612 0.05196629
1 0.51632463 0.83146067 0.02705224 0.03019663
1 0.57952425 0.93275983 0.01819030 0.02563202
1 0.50221549 0.95259831 0.02308769 0.01404494
2 0.38339552 0.09971910 0.00233209 0.00351124
2 0.32194496 0.16134129 0.00163246 0.00245787
2 0.47259795 0.28897472 0.00676306 0.00912921
2 0.49463619 0.34919242 0.00373134 0.00737360
2 0.51469216 0.37956461 0.00652985 0.01264045
2 0.52565299 0.38764045 0.00419776 0.00702247
2 0.52180504 0.39308287 0.00396455 0.00667135
2 0.53043377 0.42011938 0.00396455 0.00948034
2 0.52541978 0.42854635 0.00419776 0.00737360
2 0.69321362 0.42731742 0.00209888 0.00210674
2 0.68901586 0.44715590 0.00209888 0.00596910
2 0.67385728 0.45417837 0.00769590 0.01299157
2 0.63910914 0.45049157 0.00163246 0.00421348
2 0.64214086 0.46576545 0.00816231 0.02352528
2 0.64878731 0.45593399 0.00279851 0.00386236
2 0.53125000 0.45768961 0.00233209 0.00316011
2 0.50804571 0.46839888 0.00769590 0.01755618
2 0.52775187 0.48314607 0.02052239 0.04705056
2 0.53719683 0.47033006 0.00583022 0.00877809
2 0.51585821 0.47103230 0.00233209 0.00737360
2 0.57777519 0.47752809 0.00349813 0.00561798
2 0.44076493 0.48876404 0.00373134 0.00702247
2 0.66861007 0.48911517 0.00233209 0.00421348
2 0.52576959 0.50245787 0.00256530 0.00421348
2 0.54057836 0.50737360 0.00233209 0.00351124
2 0.54361007 0.51000702 0.00186567 0.00316011
2 0.54699160 0.51808287 0.00816231 0.01228933
2 0.58278918 0.52545646 0.00373134 0.00667135
2 0.43166978 0.52844101 0.00326493 0.00561798
2 0.55340485 0.53142556 0.01119403 0.01018258
2 0.58267257 0.53388343 0.00349813 0.00596910
2 0.57637593 0.53721910 0.00443097 0.00912921
2 0.52810168 0.53827247 0.01002799 0.01053371
2 0.58057369 0.54371489 0.00256530 0.00456461
2 0.58512127 0.55565309 0.00792910 0.01018258
2 0.54139459 0.58286517 0.00163246 0.00351124
2 0.56646455 0.58602528 0.00233209 0.00421348
2 0.57182836 0.59849017 0.00139925 0.00386236
2 0.56494869 0.62166433 0.00816231 0.01650281
2 0.56798041 0.62780899 0.00256530 0.00351124
2 0.57311101 0.63728933 0.00256530 0.00421348
2 0.61042444 0.64202949 0.00209888 0.00245787
2 0.60972481 0.66169242 0.00209888 0.00386236
2 0.61298974 0.66397472 0.00209888 0.00351124
2 0.58710354 0.66713483 0.00256530 0.00280899
2 0.59584888 0.67363062 0.01119403 0.00737360
2 0.59060168 0.68030197 0.00629664 0.00807584
2 0.57789179 0.68908006 0.00233209 0.00386236
2 0.57812500 0.73332163 0.00513060 0.00737360
3 0.47458022 0.18890449 0.01212687 0.03160112
3 0.37278451 0.46313202 0.02308769 0.06109551
3 0.23635728 0.83479635 0.05433769 0.07268258
