0 0.56681437 0.21137640 0.00396455 0.00561798
0 0.52402052 0.23121489 0.00373134 0.00456461
0 0.29990672 0.26000702 0.00419776 0.00596910
0 0.58208955 0.26106039 0.00373134 0.00526685
0 0.53684701 0.27615871 0.00326493 0.00526685
0 0.38619403 0.28405899 0.00652985 0.00912921
0 0.60820896 0.28546348 0.00326493 0.00491573
0 0.49766791 0.30916433 0.00326493 0.00526685
0 0.64587220 0.34550562 0.00303172 0.00351124
0 0.67385728 0.35094803 0.00583022 0.00737360
0 0.51352612 0.35428371 0.00373134 0.00561798
0 0.64458955 0.35849719 0.00233209 0.00351124
0 0.66709422 0.36692416 0.00489739 0.00702247
0 0.53941231 0.37236657 0.00559701 0.00807584
0 0.66406250 0.37728230 0.00443097 0.00667135
0 0.74860075 0.41046348 0.00373134 0.00561798
0 0.55935168 0.46313202 0.00303172 0.00491573
0 0.57999067 0.46822331 0.00419776 0.00667135
0 0.69134795 0.49034410 0.00256530 0.00386236
0 0.64400653 0.50667135 0.00489739 0.00702247
0 0.69519590 0.50930478 0.00233209 0.00386236
0 0.61124067 0.51562500 0.00419776 0.00737360
0 0.71361940 0.52405197 0.00233209 0.00386236
0 0.70580690 0.52615871 0.00209888 0.00386236
0 0.58547108 0.53458567 0.00396455 0.00596910
0 0.56075093 0.53511236 0.00303172 0.00421348
0 0.72772854 0.53757022 0.00349813 0.00491573
0 0.27367071 0.56478230 0.00629664 0.00948034
0 0.72702892 0.58883427 0.00303172 0.00491573
0 0.79477612 0.59164326 0.00326493 0.00421348
0 0.65123601 0.61077949 0.00163246 0.00316011
0 0.42607276 0.61516854 0.00419776 0.00632022
0 0.77693563 0.62183989 0.00536381 0.00912921
0 0.38514459 0.62816011 0.00396455 0.00491573
0 0.50862873 0.62833567 0.00279851 0.00386236
0 0.55853545 0.63816713 0.00419776 0.00596910
0 0.59433302 0.63992275 0.00303172 0.00386236
0 0.68178638 0.65115871 0.00256530 0.00386236
0 0.57917444 0.76527388 0.00349813 0.00526685
0 0.73099347 0.76878511 0.00489739 0.00877809
0 0.44402985 0.80547753 0.00466418 0.00702247
1 0.54605877 0.13149579 0.00862873 0.00737360
1 0.58617071 0.23016152 0.01515858 0.02773876
1 0.48250933 0.22524579 0.00513060 0.00737360
1 0.54116138 0.26035815 0.00536381 0.01860955
1 0.81448228 0.39554073 0.00629664 0.01228933
1 0.71478545 0.41046348 0.00839552 0.00702247
1 0.48775653 0.46225421 0.01282649 0.02352528
1 0.65356810 0.50579354 0.00722948 0.01720506
1 0.68108675 0.50526685 0.00816231 0.01615169
1 0.66674440 0.50912921 0.00559701 0.00983146
1 0.75233209 0.51088483 0.00419776 0.00842697
1 0.72003265 0.55407303 0.00676306 0.01123596
1 0.63211287 0.56337781 0.01189366 0.02212079
1 0.75303172 0.58813202 0.00652985 0.00983146
1 0.76947295 0.61446629 0.00629664 0.01264045
1 0.57112873 0.62271770 0.00466418 0.01088483
1 0.75594683 0.64150281 0.00536381 0.00561798
1 0.50921175 0.65080758 0.00489739 0.00386236
1 0.65799907 0.65589888 0.00676306 0.00632022
1 0.46723414 0.67082163 0.01515858 0.01088483
1 0.45137593 0.76983848 0.00536381 0.00596910
1 0.55363806 0.77686096 0.00326493 0.00948034
2 0.72586287 0.06372893 0.00303172 0.00456461
2 0.46560168 0.07303371 0.00583022 0.00561798
2 0.59748134 0.07478933 0.00466418 0.00702247
2 0.75956157 0.10498596 0.00326493 0.00421348
2 0.47318097 0.15484551 0.01072761 0.01123596
2 0.46490205 0.16063904 0.00816231 0.01228933
2 0.38351213 0.18170646 0.01422575 0.04669944
2 0.39039179 0.16221910 0.00606343 0.00772472
2 0.41662780 0.16397472 0.00256530 0.00491573
2 0.73938899 0.16432584 0.00256530 0.00351124
2 0.77028918 0.16976826 0.00186567 0.00316011
2 0.46420243 0.17679073 0.00956157 0.01228933
2 0.47831157 0.18135534 0.01119403 0.01088483
2 0.48682369 0.20066713 0.01282649 0.01580056
2 0.47201493 0.20716292 0.01399254 0.02176966
2 0.48892257 0.22261236 0.01049440 0.01123596
2 0.46245336 0.23823736 0.02611940 0.03757022
2 0.49801772 0.22770365 0.00489739 0.00807584
2 0.47889459 0.23332163 0.00536381 0.00948034
2 0.48635728 0.23156601 0.00349813 0.00456461
2 0.47119869 0.23665730 0.00583022 0.01053371
2 0.49766791 0.24490871 0.01958955 0.02773876
2 0.74626866 0.23384831 0.00279851 0.00421348
2 0.50571362 0.23876404 0.00443097 0.00561798
2 0.48204291 0.25912921 0.00326493 0.00491573
2 0.51119403 0.25772472 0.00233209 0.00280899
2 0.50548041 0.27580758 0.00629664 0.01860955
2 0.47516325 0.27176966 0.00489739 0.00772472
2 0.46350280 0.27299860 0.00256530 0.00245787
2 0.46898321 0.28300562 0.00979478 0.02106742
2 0.47842817 0.29002809 0.00209888 0.00351124
2 0.30025653 0.29301264 0.00209888 0.00316011
2 0.47329757 0.29933287 0.00443097 0.00526685
2 0.48041045 0.30179073 0.00233209 0.00316011
2 0.47131530 0.30582865 0.00233209 0.00351124
2 0.66534515 0.31987360 0.00373134 0.00702247
2 0.77192164 0.33953652 0.00699627 0.00772472
2 0.64237407 0.35919944 0.00256530 0.00421348
2 0.75221549 0.36060393 0.00489739 0.00491573
2 0.74358675 0.36271067 0.00443097 0.00561798
2 0.74813433 0.36587079 0.00373134 0.00702247
2 0.73775653 0.36973315 0.00909515 0.01264045
2 0.75711287 0.37693118 0.01609142 0.01720506
2 0.81121735 0.37780899 0.00443097 0.00632022
2 0.75816231 0.38746489 0.00279851 0.00386236
2 0.82824160 0.39027388 0.00396455 0.00456461
2 0.66429571 0.39589185 0.00489739 0.00386236
2 0.64622201 0.40028090 0.00466418 0.00491573
2 0.60995802 0.42538624 0.03428172 0.04880618
2 0.63934235 0.42608848 0.01982276 0.04810393
2 0.66732743 0.41801264 0.02541978 0.03125000
2 0.56996269 0.41151685 0.00466418 0.00912921
2 0.69811101 0.43223315 0.03008396 0.03721910
2 0.55970149 0.41994382 0.00186567 0.00351124
2 0.65170243 0.43451545 0.00209888 0.00316011
2 0.65566698 0.43732444 0.00396455 0.00667135
2 0.59631530 0.43732444 0.00186567 0.00386236
2 0.65869869 0.44434691 0.01142724 0.01158708
2 0.68155317 0.45681180 0.01469216 0.03370787
2 0.65123601 0.44452247 0.00209888 0.00280899
2 0.59841418 0.44785815 0.00279851 0.00386236
2 0.69484608 0.44856039 0.00256530 0.00386236
2 0.62569963 0.45312500 0.00279851 0.00526685
2 0.69752799 0.45400281 0.00746269 0.00702247
2 0.71233675 0.45593399 0.00722948 0.00877809
2 0.70638993 0.45979635 0.00279851 0.00456461
2 0.67455690 0.46313202 0.00536381 0.00842697
2 0.63129664 0.48788624 0.02798507 0.05723315
2 0.65741604 0.46067416 0.00186567 0.00280899
2 0.70044310 0.46295646 0.00209888 0.00316011
2 0.69904384 0.46910112 0.00349813 0.00702247
2 0.69577892 0.47507022 0.00816231 0.00983146
2 0.64925373 0.47454354 0.00652985 0.00667135
2 0.70907183 0.48718399 0.01562500 0.02844101
2 0.42409049 0.47945927 0.00443097 0.00667135
2 0.64563899 0.48156601 0.00209888 0.00316011
2 0.43889925 0.49122191 0.00886194 0.01264045
2 0.49160448 0.49332865 0.00979478 0.01544944
2 0.64598881 0.48735955 0.00233209 0.00351124
2 0.72131530 0.49631320 0.00979478 0.02001404
2 0.51166045 0.48893961 0.00326493 0.00456461
2 0.65520056 0.49350421 0.00489739 0.00737360
2 0.54874067 0.50070225 0.00326493 0.00842697
2 0.71233675 0.50702247 0.01189366 0.01966292
2 0.54477612 0.50386236 0.00373134 0.00772472
2 0.50034981 0.50930478 0.01236007 0.01509831
2 0.48659049 0.50702247 0.00722948 0.00912921
2 0.53859608 0.50754916 0.00676306 0.01018258
2 0.70335821 0.50772472 0.00186567 0.00280899
2 0.52903451 0.51264045 0.00583022 0.00912921
2 0.64598881 0.52089185 0.01305970 0.02563202
2 0.69461287 0.51316713 0.00209888 0.00386236
2 0.68318563 0.51738062 0.00722948 0.01018258
2 0.52215485 0.51808287 0.00326493 0.00526685
2 0.61497201 0.52264747 0.00746269 0.01158708
2 0.23810634 0.52440309 0.00326493 0.00456461
2 0.61870336 0.52475421 0.00373134 0.00526685
2 0.65450093 0.53669242 0.01795709 0.02984551
2 0.62966418 0.52422753 0.00233209 0.00351124
2 0.60576026 0.52650983 0.00163246 0.00316011
2 0.68481810 0.52686096 0.00443097 0.00456461
2 0.66895989 0.53107444 0.00909515 0.01018258
2 0.50104944 0.52861657 0.00209888 0.00245787
2 0.62115205 0.53247893 0.00629664 0.00948034
2 0.69601213 0.52984551 0.00163246 0.00351124
2 0.50944496 0.53002107 0.00163246 0.00245787
2 0.66791045 0.54757725 0.01166045 0.02282303
2 0.68796642 0.57004916 0.02845149 0.06566011
2 0.64050840 0.54283708 0.00489739 0.00772472
2 0.60459422 0.54371489 0.00303172 0.00877809
2 0.62395056 0.54389045 0.00163246 0.00140449
2 0.70370802 0.54634831 0.00443097 0.00561798
2 0.59748134 0.55108848 0.00186567 0.00456461
2 0.65928172 0.55354635 0.00279851 0.01018258
2 0.60121269 0.55249298 0.00233209 0.00456461
2 0.65590019 0.55582865 0.00256530 0.00351124
2 0.66196362 0.56267556 0.00303172 0.00456461
2 0.49556903 0.56846910 0.00652985 0.01264045
2 0.57999067 0.56478230 0.00233209 0.00596910
2 0.51224347 0.57180478 0.01096082 0.01439607
2 0.52332090 0.57040028 0.00233209 0.00596910
2 0.61240672 0.57075140 0.00373134 0.00667135
2 0.64563899 0.57426264 0.00209888 0.00316011
2 0.50349813 0.57566713 0.00186567 0.00456461
2 0.66068097 0.57408708 0.00139925 0.00210674
2 0.66417910 0.57478933 0.00186567 0.00351124
2 0.66289646 0.59146770 0.00349813 0.00807584
2 0.52926772 0.59094101 0.00163246 0.00280899
2 0.64738806 0.59831461 0.00326493 0.00632022
2 0.74090485 0.61042837 0.01305970 0.01860955
2 0.68913246 0.61762640 0.00792910 0.01053371
2 0.62196828 0.61990871 0.00279851 0.00948034
2 0.61077425 0.62780899 0.00979478 0.01404494
2 0.69076493 0.62763343 0.00606343 0.00948034
2 0.39902052 0.62745787 0.00326493 0.00491573
2 0.62243470 0.63360253 0.00466418 0.01439607
2 0.69927705 0.63360253 0.00396455 0.01018258
2 0.70942164 0.63290028 0.00279851 0.00737360
2 0.68318563 0.63781601 0.00769590 0.00737360
2 0.61555504 0.63992275 0.00303172 0.00596910
2 0.72306437 0.64360955 0.00396455 0.00632022
2 0.66079757 0.64992978 0.00443097 0.00632022
2 0.66371269 0.66292135 0.00466418 0.01264045
2 0.72119869 0.66485253 0.00816231 0.01369382
2 0.68330224 0.67696629 0.01212687 0.01825843
2 0.71396922 0.67310393 0.00349813 0.00983146
2 0.81401586 0.67380618 0.00349813 0.00491573
2 0.82066231 0.67573736 0.00513060 0.00667135
2 0.70125933 0.68433989 0.00373134 0.00491573
2 0.71058769 0.68785112 0.00466418 0.00842697
2 0.71816698 0.69066011 0.00816231 0.01404494
2 0.55212220 0.68837781 0.00256530 0.00386236
2 0.73145989 0.69680478 0.00349813 0.00596910
2 0.70802239 0.69803371 0.00279851 0.00491573
2 0.68027052 0.70400281 0.00652985 0.00912921
2 0.69752799 0.70891854 0.01539179 0.01755618
2 0.71023787 0.70610955 0.00443097 0.00421348
2 0.45277519 0.71488764 0.00256530 0.00351124
2 0.71723414 0.71681882 0.00443097 0.00667135
2 0.70394123 0.72945927 0.00536381 0.00596910
2 0.70055970 0.73630618 0.00373134 0.00632022
2 0.45499067 0.76509831 0.00326493 0.00421348
2 0.30935168 0.77528090 0.00769590 0.00772472
2 0.30631996 0.78458567 0.00536381 0.00807584
2 0.35319496 0.80670646 0.00349813 0.00456461
2 0.19927705 0.82110253 0.00583022 0.00948034
