0 0.64365672 0.43275983 0.00419776 0.00526685
0 0.60051306 0.56952247 0.00466418 0.00702247
0 0.59596549 0.57847612 0.00583022 0.00948034
0 0.38409515 0.74297753 0.00373134 0.00632022
1 0.70044310 0.21945225 0.01655784 0.02738764
1 0.22702892 0.32250702 0.01282649 0.01720506
1 0.13992537 0.57882725 0.01912313 0.04037921
1 0.38957556 0.74315309 0.00816231 0.01860955
1 0.32520989 0.80916433 0.03801306 0.06214888
2 0.56809701 0.04178371 0.00233209 0.00491573
2 0.52938433 0.25948034 0.00559701 0.00491573
2 0.54734142 0.26509831 0.00792910 0.01404494
2 0.55165578 0.31372893 0.00396455 0.00667135
2 0.45464086 0.35814607 0.00396455 0.00561798
2 0.47026586 0.36025281 0.00583022 0.00772472
2 0.48682369 0.40976124 0.00722948 0.01123596
2 0.48227612 0.41994382 0.00652985 0.01053371
2 0.50163246 0.42450843 0.00559701 0.00561798
2 0.50384795 0.44627809 0.00489739 0.00561798
2 0.51364272 0.47823034 0.00583022 0.01474719
2 0.52775187 0.52686096 0.00839552 0.01158708
2 0.54116138 0.54740169 0.00769590 0.00912921
2 0.53463153 0.56408006 0.00676306 0.00807584
2 0.47318097 0.61323736 0.00606343 0.00526685
2 0.47049907 0.62956461 0.00909515 0.00702247
2 0.13106343 0.66432584 0.00559701 0.00772472
2 0.14680504 0.67731742 0.00583022 0.00912921
