0 0.63269590 0.01386938 0.00186567 0.00316011
0 0.40764925 0.02159410 0.00279851 0.00456461
0 0.37126866 0.03107444 0.00419776 0.00667135
0 0.61322295 0.04705056 0.00396455 0.00632022
0 0.34643190 0.05249298 0.00303172 0.00456461
0 0.34060168 0.05793539 0.00349813 0.00561798
0 0.34095149 0.06811798 0.00233209 0.00351124
0 0.66767724 0.10516152 0.00279851 0.00386236
0 0.60972481 0.19662921 0.00396455 0.00561798
0 0.57299440 0.27001404 0.00419776 0.00702247
0 0.57520989 0.28774579 0.00209888 0.00316011
0 0.61030784 0.34234551 0.00326493 0.00491573
0 0.76201026 0.35551264 0.00256530 0.00386236
0 0.61683769 0.36569522 0.00373134 0.00596910
0 0.51492537 0.44136236 0.00513060 0.00842697
0 0.52623601 0.50105337 0.00303172 0.00421348
0 0.35972481 0.54705056 0.00349813 0.00561798
0 0.67164179 0.64150281 0.00186567 0.00351124
0 0.46956623 0.69311798 0.00349813 0.00491573
0 0.72621269 0.70365169 0.00233209 0.00351124
0 0.72294776 0.75948034 0.00233209 0.00351124
0 0.46886660 0.76773174 0.00489739 0.00667135
0 0.70079291 0.79424157 0.00279851 0.00421348
0 0.26620802 0.79740169 0.00303172 0.00561798
0 0.25408116 0.81794242 0.00256530 0.00456461
0 0.70312500 0.86306180 0.00373134 0.00561798
1 0.66359608 0.10112360 0.00349813 0.01053371
1 0.74008862 0.39606742 0.00583022 0.00632022
1 0.73798974 0.59269663 0.00722948 0.01474719
1 0.75583022 0.69206461 0.00606343 0.01544944
2 0.33337220 0.48700843 0.00303172 0.00561798
2 0.32754198 0.52440309 0.01049440 0.03054775
2 0.66044776 0.75614466 0.00279851 0.00526685
2 0.29291045 0.77194522 0.00139925 0.00245787
2 0.64097481 0.79529494 0.00256530 0.00491573
