0 0.53311567 0.05407303 0.00326493 0.00561798
0 0.40076959 0.05547753 0.00396455 0.00632022
0 0.67152519 0.05688202 0.00443097 0.00772472
0 0.51072761 0.07110253 0.00373134 0.00456461
0 0.59993004 0.09866573 0.00349813 0.00491573
0 0.60366138 0.10551264 0.00209888 0.00316011
0 0.57404384 0.10972612 0.00396455 0.00596910
0 0.65356810 0.11481742 0.00396455 0.00632022
0 0.69321362 0.12236657 0.00256530 0.00386236
0 0.57334422 0.12535112 0.00303172 0.00491573
0 0.71187034 0.14255618 0.00349813 0.00491573
0 0.69636194 0.14571629 0.00326493 0.00421348
0 0.68551772 0.15168539 0.00209888 0.00280899
0 0.72749534 0.15905899 0.00583022 0.00912921
0 0.65298507 0.16608146 0.00559701 0.00702247
0 0.67094216 0.17837079 0.00233209 0.00351124
0 0.64447295 0.18240871 0.00722948 0.00948034
0 0.56028451 0.19926264 0.00583022 0.00877809
0 0.64167444 0.20400281 0.00256530 0.00421348
0 0.65298507 0.20839185 0.00559701 0.00807584
0 0.68423507 0.20716292 0.00326493 0.00491573
0 0.61881996 0.21804775 0.00256530 0.00421348
0 0.35506063 0.22033006 0.00396455 0.00596910
0 0.61462220 0.22138343 0.00256530 0.00456461
0 0.60960821 0.22507022 0.00326493 0.00491573
0 0.33978545 0.22840590 0.00419776 0.00596910
0 0.36229011 0.23332163 0.00489739 0.00737360
0 0.35016325 0.25965590 0.00349813 0.00526685
0 0.35599347 0.26316713 0.00349813 0.00526685
0 0.36590485 0.26474719 0.00326493 0.00491573
0 0.73554104 0.26544944 0.00279851 0.00421348
0 0.71326959 0.26755618 0.00303172 0.00421348
0 0.73973881 0.27001404 0.00279851 0.00421348
0 0.73577425 0.27264747 0.00326493 0.00526685
0 0.71012127 0.27756320 0.00699627 0.00948034
0 0.35669310 0.27966994 0.00443097 0.00596910
0 0.22108209 0.28616573 0.00419776 0.00702247
0 0.35494403 0.30846208 0.00699627 0.01088483
0 0.67782183 0.30793539 0.00676306 0.00912921
0 0.61625466 0.31776685 0.00396455 0.00632022
0 0.69181437 0.31917135 0.00583022 0.00842697
0 0.31634795 0.32478933 0.00256530 0.00491573
0 0.71723414 0.32759831 0.00536381 0.00772472
0 0.38526119 0.33304073 0.00652985 0.00948034
0 0.61030784 0.33813202 0.00279851 0.00351124
0 0.67863806 0.35217697 0.00513060 0.00772472
0 0.67269123 0.35481039 0.00443097 0.00596910
0 0.59654851 0.36042837 0.00419776 0.00456461
0 0.67479011 0.37658006 0.00443097 0.00596910
0 0.75058302 0.39712079 0.00303172 0.00421348
0 0.70452425 0.40098315 0.00606343 0.00842697
0 0.72994403 0.41063904 0.00326493 0.00386236
0 0.71420243 0.41432584 0.00256530 0.00421348
0 0.77460354 0.41643258 0.00256530 0.00351124
0 0.67688899 0.43872893 0.00816231 0.01369382
0 0.73554104 0.43785112 0.00279851 0.00421348
0 0.74848414 0.44399579 0.00349813 0.00526685
0 0.65100280 0.46155197 0.00489739 0.00737360
0 0.72527985 0.45997191 0.00279851 0.00421348
0 0.81693097 0.47068118 0.00559701 0.00877809
0 0.80923507 0.47998596 0.00606343 0.00983146
0 0.25093284 0.48700843 0.00373134 0.00491573
0 0.07590951 0.49367978 0.00629664 0.01053371
0 0.78416511 0.50122893 0.00443097 0.00737360
0 0.82439366 0.50140449 0.00513060 0.00772472
0 0.63992537 0.54318820 0.00419776 0.00632022
0 0.73215951 0.55073736 0.00443097 0.00667135
0 0.43586754 0.59533006 0.00513060 0.00737360
0 0.68586754 0.59550562 0.00233209 0.00351124
0 0.19974347 0.63044242 0.00256530 0.00386236
0 0.60820896 0.64589185 0.00373134 0.00596910
0 0.68808302 0.66731039 0.00303172 0.00386236
0 0.40916511 0.70909410 0.00349813 0.00456461
0 0.74148787 0.74490871 0.00583022 0.00948034
0 0.63456157 0.77352528 0.00466418 0.00772472
0 0.27588619 0.81566011 0.00419776 0.00632022
0 0.56378265 0.86130618 0.00396455 0.00561798
0 0.51166045 0.88342697 0.00559701 0.00842697
0 0.51970616 0.89501404 0.00256530 0.00351124
0 0.50279851 0.89817416 0.00279851 0.00421348
0 0.47073228 0.92327949 0.00303172 0.00456461
1 0.49836754 0.05916433 0.01865672 0.01088483
1 0.56319963 0.09322331 0.05597015 0.02984551
1 0.55748601 0.12078652 0.00909515 0.00702247
1 0.69251399 0.16309691 0.01189366 0.01580056
1 0.56308302 0.18065309 0.01329291 0.01860955
1 0.72329757 0.19048455 0.01562500 0.01650281
1 0.45370802 0.21594101 0.01236007 0.01615169
1 0.36893657 0.22647472 0.00699627 0.00491573
1 0.73087687 0.23068820 0.00932836 0.01334270
1 0.64074160 0.23437500 0.01049440 0.01509831
1 0.72096549 0.24122191 0.01236007 0.02247191
1 0.31996269 0.24754213 0.01492537 0.02528090
1 0.64365672 0.26650281 0.01399254 0.01966292
1 0.69111474 0.28142556 0.01375933 0.02001404
1 0.72108209 0.29564607 0.01026119 0.01264045
1 0.64377332 0.34813904 0.02495336 0.04599719
1 0.62231810 0.34620787 0.01375933 0.03932584
1 0.69053172 0.34849017 0.01119403 0.01509831
1 0.38887593 0.35463483 0.01189366 0.01264045
1 0.73041045 0.38254916 0.01119403 0.01650281
1 0.73845616 0.38430478 0.00209888 0.00667135
1 0.68376866 0.39448736 0.00932836 0.02282303
1 0.59526586 0.41221910 0.01096082 0.02317416
1 0.73822295 0.41432584 0.00536381 0.01474719
1 0.42199160 0.41889045 0.00722948 0.01685393
1 0.81553172 0.42398174 0.02098881 0.02492978
1 0.58791978 0.43223315 0.00606343 0.01755618
1 0.36112407 0.44592697 0.01189366 0.00772472
1 0.81623134 0.45189607 0.00746269 0.01264045
1 0.22154851 0.47349017 0.02145522 0.02071629
1 0.20370802 0.46804775 0.00303172 0.00351124
1 0.20848881 0.47033006 0.00326493 0.00386236
1 0.56844683 0.50614466 0.01329291 0.03546348
1 0.09048507 0.49666433 0.01072761 0.01299157
1 0.45464086 0.50403792 0.00956157 0.01299157
1 0.56168377 0.51808287 0.01002799 0.04108146
1 0.77763526 0.52686096 0.01469216 0.03265449
1 0.79395989 0.55266854 0.01935634 0.03089888
1 0.70732276 0.62447331 0.01166045 0.02141854
1 0.74638526 0.64466292 0.03708022 0.03019663
1 0.76819030 0.65537219 0.00699627 0.01439607
1 0.41791045 0.67608848 0.01492537 0.01580056
1 0.72959422 0.67837079 0.01749067 0.01755618
1 0.74976679 0.68679775 0.04197761 0.03370787
1 0.78055037 0.70224719 0.00419776 0.01193820
1 0.17385728 0.75579354 0.04221082 0.10849719
1 0.61287313 0.73823736 0.01445896 0.02282303
1 0.71187034 0.74982444 0.01702425 0.02703652
1 0.65590019 0.76860955 0.01375933 0.01193820
1 0.59619869 0.80179073 0.01096082 0.00807584
1 0.51026119 0.89694522 0.00699627 0.00596910
1 0.52250466 0.90326545 0.00722948 0.00596910
2 0.62196828 0.03054775 0.00279851 0.00351124
2 0.69123134 0.03142556 0.00186567 0.00386236
2 0.68505131 0.04195927 0.01142724 0.01790730
2 0.61532183 0.04933287 0.02168843 0.02352528
2 0.62126866 0.09234551 0.00466418 0.00702247
2 0.66371269 0.09620787 0.00419776 0.00491573
2 0.62744869 0.10007022 0.00116604 0.00351124
2 0.61718750 0.10603933 0.00116604 0.00210674
2 0.62080224 0.10621489 0.00186567 0.00316011
2 0.62733209 0.11323736 0.00279851 0.00456461
2 0.67012593 0.11745084 0.00209888 0.00386236
2 0.63467817 0.12201545 0.00909515 0.00807584
2 0.66779384 0.12570225 0.00256530 0.00491573
2 0.67199160 0.12728230 0.00209888 0.00316011
2 0.66697761 0.13044242 0.00233209 0.00456461
2 0.49895056 0.14834972 0.00209888 0.00386236
2 0.58372201 0.15888343 0.00279851 0.00386236
2 0.57952425 0.16924157 0.00279851 0.00421348
2 0.58722015 0.18153090 0.00419776 0.00421348
2 0.54617537 0.23648174 0.00513060 0.01369382
2 0.56331623 0.27264747 0.01795709 0.04459270
2 0.63840951 0.25386236 0.00256530 0.00421348
2 0.64913713 0.25807584 0.00536381 0.00842697
2 0.44601213 0.25965590 0.00256530 0.00386236
2 0.44181437 0.26650281 0.00769590 0.01544944
2 0.54256063 0.26509831 0.00443097 0.00702247
2 0.63292910 0.26790730 0.00606343 0.01123596
2 0.65193563 0.26527388 0.00303172 0.00386236
2 0.57416045 0.27212079 0.00233209 0.00351124
2 0.45347481 0.27580758 0.00209888 0.00245787
2 0.51702425 0.28563904 0.00233209 0.00456461
2 0.72866138 0.28915028 0.00256530 0.00386236
2 0.51644123 0.29213483 0.00396455 0.00561798
2 0.52378731 0.29108146 0.00233209 0.00351124
2 0.52950093 0.29090590 0.00209888 0.00316011
2 0.55142257 0.29231039 0.00303172 0.00386236
2 0.63257929 0.29143258 0.00303172 0.00280899
2 0.44589552 0.29529494 0.00559701 0.00842697
2 0.63607743 0.30337079 0.00676306 0.00772472
2 0.62896455 0.30828652 0.00652985 0.01053371
2 0.55013993 0.30495084 0.00233209 0.00316011
2 0.56156716 0.30565309 0.00279851 0.00456461
2 0.56693097 0.30793539 0.00186567 0.00421348
2 0.63526119 0.31039326 0.00326493 0.00351124
2 0.52297108 0.31372893 0.00443097 0.00737360
2 0.56448228 0.31162219 0.00209888 0.00386236
2 0.63701026 0.31513343 0.00349813 0.00456461
2 0.52075560 0.33374298 0.01212687 0.02422753
2 0.53719683 0.34111657 0.00816231 0.02492978
2 0.50139925 0.33268961 0.00279851 0.00526685
2 0.51131063 0.34936798 0.00256530 0.00421348
2 0.53020056 0.35270365 0.00209888 0.00316011
2 0.51667444 0.35639045 0.00396455 0.00772472
2 0.32416045 0.36025281 0.00186567 0.00351124
2 0.34223414 0.36130618 0.00163246 0.00351124
2 0.36182369 0.36148174 0.00116604 0.00245787
2 0.65590019 0.37464888 0.00816231 0.02036517
2 0.52763526 0.38483146 0.01469216 0.03581461
2 0.51667444 0.38606039 0.01096082 0.03195225
2 0.62861474 0.37763343 0.01142724 0.01299157
2 0.66429571 0.37587781 0.00629664 0.00877809
2 0.64004198 0.37605337 0.00349813 0.00772472
2 0.66091418 0.38219803 0.00466418 0.00807584
2 0.50746269 0.38184691 0.00186567 0.00386236
2 0.63794310 0.38623596 0.00489739 0.00912921
2 0.31611474 0.38974719 0.00209888 0.00491573
2 0.64540578 0.39571629 0.00303172 0.00351124
2 0.47784515 0.40396770 0.00326493 0.01018258
2 0.47294776 0.40414326 0.00373134 0.00561798
2 0.49347015 0.40730337 0.00326493 0.00702247
2 0.64202425 0.41344803 0.00839552 0.01931180
2 0.67455690 0.40589888 0.00209888 0.00351124
2 0.48833955 0.40800562 0.00279851 0.00702247
2 0.50104944 0.40870787 0.00209888 0.00351124
2 0.66254664 0.40941011 0.00186567 0.00351124
2 0.51947295 0.41204354 0.00256530 0.00526685
2 0.67000933 0.41309691 0.00279851 0.00386236
2 0.63292910 0.42538624 0.01072761 0.02141854
2 0.66382929 0.42257725 0.00396455 0.00456461
2 0.60844216 0.42433287 0.00466418 0.00737360
2 0.64365672 0.42591292 0.00186567 0.00421348
2 0.66930970 0.42696629 0.00279851 0.00421348
2 0.64085821 0.42907303 0.00279851 0.00561798
2 0.65776586 0.42872191 0.00396455 0.00491573
2 0.73239272 0.42854635 0.00396455 0.00386236
2 0.65321828 0.43188202 0.00606343 0.00842697
2 0.66569496 0.43135534 0.00396455 0.00667135
2 0.63596082 0.43433989 0.00606343 0.00983146
2 0.68773321 0.44961376 0.01026119 0.03757022
2 0.71723414 0.44048455 0.00583022 0.01369382
2 0.62698228 0.43837781 0.00256530 0.00386236
2 0.63910914 0.44171348 0.00583022 0.01123596
2 0.61940299 0.46032303 0.03311567 0.04705056
2 0.70090951 0.44680478 0.00956157 0.01860955
2 0.25769590 0.44838483 0.00326493 0.00983146
2 0.73787313 0.45207163 0.01305970 0.01790730
2 0.70965485 0.44785815 0.00233209 0.00316011
2 0.63141325 0.45400281 0.00489739 0.00842697
2 0.24941698 0.45312500 0.00209888 0.00316011
2 0.71863340 0.47542135 0.02402052 0.04564607
2 0.26201026 0.45716292 0.00209888 0.00351124
2 0.69799440 0.47208567 0.01119403 0.02844101
2 0.73297575 0.46172753 0.00279851 0.00351124
2 0.74078825 0.46576545 0.00256530 0.00386236
2 0.74370336 0.46822331 0.00326493 0.00737360
2 0.57999067 0.46892556 0.00419776 0.00667135
2 0.73600746 0.46892556 0.00186567 0.00316011
2 0.65928172 0.47524579 0.00326493 0.00456461
2 0.60296175 0.47594803 0.00256530 0.00456461
2 0.73449160 0.47594803 0.00163246 0.00316011
2 0.73938899 0.47629916 0.00163246 0.00245787
2 0.66044776 0.48297051 0.00419776 0.01018258
2 0.64295709 0.48507725 0.00466418 0.01018258
2 0.73227612 0.49209972 0.00606343 0.01369382
2 0.62021922 0.49824438 0.02728545 0.02387640
2 0.70405784 0.49525983 0.00652985 0.01580056
2 0.63654384 0.49245084 0.00443097 0.00737360
2 0.69542910 0.49069522 0.00279851 0.00386236
2 0.71863340 0.49157303 0.00349813 0.00561798
2 0.67525653 0.49490871 0.00303172 0.00596910
2 0.64354011 0.49403090 0.00209888 0.00280899
2 0.72119869 0.49929775 0.00303172 0.00842697
2 0.71758396 0.50070225 0.00186567 0.00351124
2 0.70300840 0.50667135 0.00349813 0.00561798
2 0.68295243 0.51509831 0.00396455 0.00842697
2 0.63759328 0.51966292 0.00279851 0.00421348
2 0.69612873 0.52071629 0.00373134 0.00632022
2 0.70195896 0.52141854 0.00513060 0.00772472
2 0.62056903 0.52247191 0.00373134 0.00702247
2 0.63794310 0.52931882 0.00583022 0.01088483
2 0.72329757 0.53581461 0.01236007 0.02387640
2 0.69531250 0.53089888 0.00443097 0.01123596
2 0.64458955 0.53107444 0.00326493 0.00667135
2 0.68155317 0.53458567 0.00349813 0.00456461
2 0.70254198 0.53476124 0.00256530 0.00351124
2 0.67175840 0.54090590 0.01002799 0.01439607
2 0.68796642 0.53844803 0.00419776 0.00596910
2 0.41732743 0.54055478 0.00676306 0.00877809
2 0.40741604 0.54985955 0.01212687 0.01404494
2 0.68610075 0.54933287 0.00186567 0.00386236
2 0.63852612 0.55337079 0.00466418 0.00632022
2 0.72411381 0.55582865 0.00279851 0.00491573
2 0.39319030 0.56127107 0.01072761 0.01299157
2 0.32486007 0.56741573 0.00652985 0.00983146
2 0.38152985 0.57022472 0.00559701 0.00702247
2 0.64820429 0.57145365 0.00349813 0.00456461
2 0.69542910 0.57180478 0.00233209 0.00386236
2 0.36077425 0.57549157 0.00419776 0.00912921
2 0.37103545 0.57461376 0.00279851 0.00456461
2 0.30130597 0.57794944 0.00233209 0.00491573
2 0.38292910 0.57830056 0.00326493 0.00561798
2 0.66324627 0.57900281 0.00279851 0.00421348
2 0.34923041 0.58128511 0.00209888 0.00737360
2 0.36532183 0.58005618 0.00396455 0.00491573
2 0.67479011 0.58444522 0.00722948 0.01369382
2 0.37383396 0.58163624 0.00419776 0.00667135
2 0.30422108 0.58233848 0.00256530 0.00456461
2 0.40251866 0.58549860 0.00513060 0.00877809
2 0.31191698 0.58462079 0.00396455 0.00632022
2 0.36030784 0.58532303 0.00419776 0.00772472
2 0.63444496 0.59076545 0.01422575 0.01790730
2 0.64540578 0.58549860 0.00349813 0.00667135
2 0.32999067 0.58620084 0.00233209 0.00316011
2 0.39692164 0.58690309 0.00186567 0.00386236
2 0.77751866 0.58813202 0.00233209 0.00351124
2 0.20114272 0.59533006 0.01189366 0.01509831
2 0.65613340 0.62008427 0.02448694 0.06390449
2 0.33255597 0.59129213 0.00186567 0.00351124
2 0.34165112 0.59287219 0.00233209 0.00526685
2 0.36322295 0.59357444 0.00349813 0.00737360
2 0.37383396 0.59269663 0.00279851 0.00561798
2 0.31319963 0.59375000 0.00279851 0.00421348
2 0.33465485 0.60533708 0.01166045 0.02808989
2 0.38817631 0.59375000 0.00256530 0.00491573
2 0.38164646 0.59726124 0.00629664 0.00983146
2 0.35307836 0.59638343 0.00279851 0.00737360
2 0.50419776 0.60463483 0.00886194 0.01755618
2 0.67513993 0.60094803 0.00559701 0.00737360
2 0.47982743 0.60129916 0.00303172 0.00526685
2 0.64284049 0.60709270 0.00396455 0.01193820
2 0.66651119 0.60849719 0.00746269 0.01193820
2 0.37290112 0.61429073 0.01492537 0.02001404
2 0.62476679 0.61200843 0.00792910 0.01123596
2 0.67479011 0.60955056 0.00256530 0.00561798
2 0.61089086 0.61446629 0.00256530 0.00561798
2 0.61753731 0.61464185 0.00279851 0.00596910
2 0.18819963 0.61569522 0.00186567 0.00596910
2 0.32451026 0.61569522 0.00443097 0.00667135
2 0.67409049 0.61587079 0.00256530 0.00632022
2 0.63619403 0.62131320 0.01585821 0.01439607
2 0.66394590 0.61885534 0.00559701 0.01018258
2 0.56436567 0.62324438 0.00326493 0.00842697
2 0.30177239 0.62341994 0.00233209 0.00596910
2 0.62500000 0.62903792 0.00466418 0.00596910
2 0.37080224 0.63430478 0.00886194 0.01158708
2 0.57147854 0.63465590 0.00769590 0.01018258
2 0.35331157 0.63553371 0.01072761 0.01123596
2 0.63141325 0.64641854 0.02961754 0.03089888
2 0.38292910 0.63746489 0.00326493 0.00667135
2 0.38934235 0.63728933 0.00163246 0.00491573
2 0.33535448 0.63781601 0.00233209 0.00456461
2 0.34165112 0.63781601 0.00279851 0.00386236
2 0.49172108 0.64273174 0.00303172 0.00596910
2 0.47551306 0.64448736 0.00373134 0.00596910
2 0.34421642 0.64589185 0.00513060 0.00526685
2 0.38199627 0.64589185 0.00186567 0.00386236
2 0.59351679 0.65607444 0.01072761 0.02352528
2 0.48752332 0.65063202 0.00349813 0.01123596
2 0.46280317 0.65308989 0.00862873 0.01404494
2 0.46023787 0.66783708 0.01236007 0.03160112
2 0.54920709 0.65642556 0.00559701 0.00948034
2 0.35517724 0.65537219 0.00279851 0.00526685
2 0.37593284 0.65502107 0.00233209 0.00526685
2 0.76784049 0.65484551 0.00209888 0.00491573
2 0.57835821 0.65572331 0.00326493 0.00526685
2 0.35249534 0.66028792 0.00396455 0.01018258
2 0.69671175 0.65870787 0.00303172 0.00561798
2 0.70405784 0.65835674 0.00279851 0.00491573
2 0.37465019 0.66116573 0.00209888 0.00351124
2 0.56984608 0.66274579 0.00676306 0.00596910
2 0.55188899 0.66467697 0.00349813 0.00772472
2 0.44834422 0.66467697 0.00256530 0.00421348
2 0.54699160 0.66502809 0.00256530 0.00491573
2 0.47667910 0.68556882 0.02845149 0.04248596
2 0.45102612 0.66713483 0.00186567 0.00351124
2 0.55970149 0.68574438 0.01632463 0.03019663
2 0.57427705 0.67485955 0.00349813 0.00702247
2 0.59001866 0.68065309 0.00932836 0.01299157
2 0.57077892 0.68697331 0.00349813 0.00877809
2 0.58628731 0.68855337 0.00559701 0.01123596
2 0.52950093 0.68837781 0.00349813 0.00526685
2 0.48355877 0.68995787 0.00209888 0.00421348
2 0.47796175 0.69294242 0.00349813 0.00596910
2 0.59398321 0.69417135 0.00279851 0.00561798
2 0.35867537 0.69908708 0.00466418 0.01053371
2 0.45464086 0.70558287 0.01236007 0.01931180
2 0.57066231 0.70821629 0.00233209 0.00842697
2 0.34853078 0.71400983 0.00349813 0.00737360
2 0.47329757 0.71980337 0.00489739 0.01053371
2 0.60004664 0.71716994 0.00279851 0.00526685
2 0.56658116 0.72226124 0.00676306 0.01264045
2 0.58768657 0.73771067 0.00326493 0.00351124
2 0.58955224 0.74648876 0.00839552 0.00772472
2 0.12406716 0.76738062 0.00279851 0.00456461
2 0.43994869 0.79424157 0.00163246 0.00351124
2 0.43027052 0.80143961 0.00233209 0.00316011
2 0.42397388 0.80372191 0.00559701 0.00561798
2 0.63362873 0.81899579 0.00886194 0.01720506
2 0.13887593 0.82373596 0.00116604 0.00210674
2 0.14447295 0.85445927 0.00209888 0.00456461
2 0.21117071 0.87008427 0.00676306 0.01123596
2 0.58069030 0.87113764 0.00139925 0.00280899
2 0.17537313 0.87798455 0.00466418 0.00526685
2 0.29302705 0.87974017 0.00489739 0.00877809
2 0.30771922 0.89501404 0.01795709 0.04002809
2 0.21093750 0.88009129 0.00256530 0.00526685
3 0.37593284 0.24841994 0.04011194 0.03546348
3 0.39785448 0.31934691 0.02052239 0.04810393
3 0.27728545 0.52106742 0.04477612 0.05547753
3 0.80818563 0.62464888 0.02122201 0.04845506
3 0.30480410 0.85551264 0.04244403 0.04178371
