0 0.73472481 0.08146067 0.00396455 0.00632022
0 0.40041978 0.14887640 0.00373134 0.00632022
0 0.60447761 0.15150983 0.00466418 0.00737360
0 0.48554104 0.16643258 0.00652985 0.00842697
0 0.46408582 0.18591994 0.00373134 0.00526685
0 0.47632929 0.19206461 0.00443097 0.00632022
0 0.79162780 0.19540028 0.00209888 0.00386236
0 0.47551306 0.20189607 0.00513060 0.00702247
0 0.66511194 0.20049157 0.00279851 0.00421348
0 0.74463619 0.20681180 0.00746269 0.01053371
0 0.46944963 0.23121489 0.00373134 0.00526685
0 0.52437034 0.24455758 0.00443097 0.00667135
0 0.51294310 0.24561096 0.00536381 0.00807584
0 0.76819030 0.24701545 0.00419776 0.00526685
0 0.62733209 0.25228230 0.00419776 0.00596910
0 0.70895522 0.25456461 0.00466418 0.00632022
0 0.41091418 0.27440309 0.00279851 0.00456461
0 0.65578358 0.28037219 0.00373134 0.00526685
0 0.66872668 0.29283708 0.00583022 0.00912921
0 0.62185168 0.29564607 0.00303172 0.00491573
0 0.51865672 0.29933287 0.00326493 0.00526685
0 0.75524720 0.29950843 0.00396455 0.00632022
0 0.51399254 0.29950843 0.00279851 0.00491573
0 0.15659981 0.30179073 0.00489739 0.00737360
0 0.61322295 0.30811096 0.00536381 0.00737360
0 0.53043377 0.33128511 0.00443097 0.00737360
0 0.59316698 0.33918539 0.00303172 0.00421348
0 0.82322761 0.34901685 0.00419776 0.00561798
0 0.71128731 0.34954354 0.00373134 0.00526685
0 0.40263526 0.35674157 0.00443097 0.00772472
0 0.46140392 0.35498596 0.00256530 0.00421348
0 0.55981810 0.35498596 0.00536381 0.00351124
0 0.67140858 0.35972612 0.00326493 0.00526685
0 0.39085821 0.36429073 0.00373134 0.00596910
0 0.39902052 0.36622191 0.00466418 0.00702247
0 0.56751399 0.37078652 0.00676306 0.00842697
0 0.84958022 0.37359551 0.00419776 0.00632022
0 0.81378265 0.37938904 0.00396455 0.00737360
0 0.64354011 0.38132022 0.00209888 0.00351124
0 0.45510728 0.38623596 0.00256530 0.00351124
0 0.85109608 0.39080056 0.00349813 0.00561798
0 0.82451026 0.39238062 0.00396455 0.00667135
0 0.45487407 0.39483848 0.00303172 0.00456461
0 0.46163713 0.39641854 0.00443097 0.00632022
0 0.71035448 0.39799860 0.00466418 0.00667135
0 0.51527519 0.40045646 0.00489739 0.00737360
0 0.46233675 0.40273876 0.00396455 0.00561798
0 0.65788246 0.40519663 0.00559701 0.00842697
0 0.33803638 0.40765449 0.00349813 0.00491573
0 0.57765858 0.41257022 0.00326493 0.00491573
0 0.64867071 0.41801264 0.00489739 0.00667135
0 0.42653918 0.42573736 0.00373134 0.00526685
0 0.53311567 0.43943118 0.00233209 0.00316011
0 0.48449160 0.44417135 0.00349813 0.00561798
0 0.50687966 0.44662921 0.00349813 0.00561798
0 0.79256063 0.45224719 0.00536381 0.00842697
0 0.65123601 0.45698736 0.01002799 0.01439607
0 0.50104944 0.45242275 0.00256530 0.00386236
0 0.81180037 0.45365169 0.00419776 0.00632022
0 0.70708955 0.45400281 0.00373134 0.00421348
0 0.51072761 0.45593399 0.00606343 0.00737360
0 0.54139459 0.45997191 0.00536381 0.00842697
0 0.83465485 0.45874298 0.00373134 0.00526685
0 0.51189366 0.46910112 0.00652985 0.00842697
0 0.82555970 0.46997893 0.00373134 0.00596910
0 0.60727612 0.49209972 0.00559701 0.00807584
0 0.40415112 0.49648876 0.00326493 0.00491573
0 0.80072295 0.50228230 0.00583022 0.00877809
0 0.41837687 0.50456461 0.00233209 0.00351124
0 0.49988340 0.51544944 0.00256530 0.00351124
0 0.38840951 0.53265449 0.00349813 0.00491573
0 0.42280784 0.53721910 0.00279851 0.00421348
0 0.72784515 0.53844803 0.00326493 0.00456461
0 0.75583022 0.54213483 0.00373134 0.00702247
0 0.07719216 0.54424157 0.00513060 0.00772472
0 0.72959422 0.54564607 0.00256530 0.00421348
0 0.73274254 0.54722612 0.00279851 0.00456461
0 0.76189366 0.56004213 0.00559701 0.00983146
0 0.60086287 0.57549157 0.00396455 0.00561798
0 0.77215485 0.58286517 0.00466418 0.00632022
0 0.80876866 0.58830758 0.00513060 0.00877809
0 0.61660448 0.59304775 0.00326493 0.00491573
0 0.39843750 0.59919242 0.00256530 0.00386236
0 0.77238806 0.60287921 0.00419776 0.00702247
0 0.82416045 0.60709270 0.00419776 0.00702247
0 0.75116604 0.61130618 0.00652985 0.00912921
0 0.78288246 0.61464185 0.00373134 0.00596910
0 0.72096549 0.63237360 0.00349813 0.00491573
0 0.40391791 0.63395365 0.00233209 0.00386236
0 0.76527519 0.64115169 0.00349813 0.00491573
0 0.48857276 0.64799860 0.00606343 0.00667135
0 0.73320896 0.65519663 0.00326493 0.00491573
0 0.70848881 0.65783006 0.00513060 0.00877809
0 0.73425840 0.66994382 0.00303172 0.00421348
0 0.64692164 0.68767556 0.00513060 0.00807584
0 0.35541045 0.68767556 0.00093284 0.00175562
0 0.75921175 0.69083567 0.00536381 0.00737360
0 0.38607743 0.70294944 0.00489739 0.00842697
0 0.39050840 0.70768961 0.00443097 0.01018258
0 0.49685168 0.71084972 0.00443097 0.00596910
0 0.76760728 0.71541433 0.00256530 0.00456461
0 0.57730877 0.71980337 0.00396455 0.00561798
0 0.79559235 0.72138343 0.00396455 0.00667135
0 0.42455690 0.72489466 0.00629664 0.00877809
0 0.75186567 0.72331461 0.00279851 0.00421348
0 0.21093750 0.72665028 0.00396455 0.00596910
0 0.41277985 0.73314607 0.00559701 0.00842697
0 0.20988806 0.73279494 0.00373134 0.00632022
0 0.44671175 0.73384831 0.00536381 0.00772472
0 0.28264925 0.76492275 0.00559701 0.00737360
0 0.68330224 0.76948736 0.00419776 0.00667135
0 0.43505131 0.78247893 0.00769590 0.01369382
0 0.46501866 0.80495084 0.00326493 0.00456461
0 0.19566231 0.80969101 0.00326493 0.00491573
0 0.46700093 0.81285112 0.00256530 0.00421348
0 0.45405784 0.81829354 0.00279851 0.00456461
0 0.46396922 0.82917837 0.00489739 0.00737360
0 0.58826959 0.89009831 0.00396455 0.00632022
0 0.64948694 0.89466292 0.00326493 0.00561798
0 0.56121735 0.90150983 0.00349813 0.00596910
0 0.49685168 0.91432584 0.00722948 0.01053371
0 0.53731343 0.91748596 0.00513060 0.00772472
0 0.64027519 0.92450843 0.00489739 0.00772472
0 0.53148321 0.93627107 0.00559701 0.00737360
0 0.51550840 0.94557584 0.00396455 0.00561798
0 0.67537313 0.98209270 0.00326493 0.00491573
1 0.36205690 0.03739466 0.03101679 0.03897472
1 0.41138060 0.03599017 0.02098881 0.03054775
1 0.72877799 0.08637640 0.00746269 0.01053371
1 0.64027519 0.12359551 0.07625933 0.06460674
1 0.76340951 0.17819522 0.02775187 0.02071629
1 0.58069030 0.19838483 0.05037313 0.04424157
1 0.72329757 0.18978230 0.01142724 0.01650281
1 0.73367537 0.22120787 0.01819030 0.03441011
1 0.52157183 0.21436096 0.00769590 0.01228933
1 0.23076026 0.22542135 0.01002799 0.01896067
1 0.67234142 0.23893961 0.02332090 0.03335674
1 0.59479944 0.25895365 0.03521455 0.05301966
1 0.14400653 0.26088483 0.02215485 0.04705056
1 0.81961287 0.24789326 0.01049440 0.01264045
1 0.54955690 0.26246489 0.01562500 0.01931180
1 0.11730410 0.28107444 0.01958955 0.03967697
1 0.55457090 0.27738764 0.01259328 0.02247191
1 0.56529851 0.29248596 0.02518657 0.03651685
1 0.64505597 0.28335674 0.00746269 0.01334270
1 0.54209422 0.29125702 0.00629664 0.01931180
1 0.75874534 0.29178371 0.00722948 0.01123596
1 0.45883862 0.29108146 0.00536381 0.00702247
1 0.61567164 0.29178371 0.00886194 0.00632022
1 0.63596082 0.29827949 0.00932836 0.01299157
1 0.65893190 0.30407303 0.00816231 0.01615169
1 0.46746735 0.32075140 0.03894590 0.03967697
1 0.54221082 0.30898876 0.01725746 0.01193820
1 0.64913713 0.31250000 0.00909515 0.01334270
1 0.57800840 0.33075843 0.01795709 0.02598315
1 0.11905317 0.34375000 0.03614739 0.02598315
1 0.15158582 0.34146770 0.01166045 0.01158708
1 0.64354011 0.34919242 0.00816231 0.01439607
1 0.56937966 0.34919242 0.01002799 0.01158708
1 0.17385728 0.36429073 0.01515858 0.02422753
1 0.62278451 0.37377107 0.02541978 0.03757022
1 0.57882463 0.36446629 0.01259328 0.01544944
1 0.76504198 0.37254213 0.00862873 0.01755618
1 0.10902519 0.37464888 0.01562500 0.01685393
1 0.69251399 0.37991573 0.01282649 0.02387640
1 0.64027519 0.37640449 0.00536381 0.01334270
1 0.51585821 0.38781601 0.00886194 0.00807584
1 0.53066698 0.38851826 0.01096082 0.00386236
1 0.63129664 0.40607444 0.00886194 0.01228933
1 0.67957090 0.44013343 0.00979478 0.02703652
1 0.55375466 0.44557584 0.00722948 0.01544944
1 0.59654851 0.46049860 0.01166045 0.04599719
1 0.80538713 0.44575140 0.00956157 0.01228933
1 0.76119403 0.46453652 0.02891791 0.04564607
1 0.49405317 0.45505618 0.00676306 0.00632022
1 0.07742537 0.47384129 0.01912313 0.02563202
1 0.78859608 0.47928371 0.01142724 0.01966292
1 0.18551772 0.50280899 0.02821828 0.05266854
1 0.12546642 0.48911517 0.00932836 0.02247191
1 0.77845149 0.49069522 0.01072761 0.02141854
1 0.35401119 0.51457163 0.03171642 0.03827247
1 0.08815299 0.51790730 0.03498134 0.03862360
1 0.56261660 0.51141152 0.00629664 0.01158708
1 0.45883862 0.51281601 0.00769590 0.01018258
1 0.74463619 0.52264747 0.01119403 0.01720506
1 0.39855410 0.52282303 0.02705224 0.01404494
1 0.68411847 0.52229635 0.01236007 0.01158708
1 0.81133396 0.52914326 0.00746269 0.01334270
1 0.78894590 0.53546348 0.00979478 0.01896067
1 0.35715951 0.54424157 0.02168843 0.01053371
1 0.36497201 0.55582865 0.01819030 0.00842697
1 0.79594216 0.58075843 0.01865672 0.03862360
1 0.67980410 0.57531601 0.01166045 0.01650281
1 0.83348881 0.57233146 0.00979478 0.00983146
1 0.77880131 0.59129213 0.00489739 0.01193820
1 0.67059235 0.59550562 0.00583022 0.01474719
1 0.79302705 0.60849719 0.00722948 0.01123596
1 0.84211754 0.61113062 0.00932836 0.01650281
1 0.80876866 0.63061798 0.01212687 0.01334270
1 0.75104944 0.63483146 0.01049440 0.00983146
1 0.15671642 0.66801264 0.05503731 0.04529494
1 0.16639459 0.70839185 0.05620336 0.08040730
1 0.76445896 0.68082865 0.00279851 0.00842697
1 0.36462220 0.70856742 0.05200560 0.05688202
1 0.49731810 0.70312500 0.00909515 0.01018258
1 0.73425840 0.70681180 0.00722948 0.01474719
1 0.20265858 0.71330758 0.00513060 0.01439607
1 0.81156716 0.71348315 0.00792910 0.01334270
1 0.43435168 0.71523876 0.00956157 0.01264045
1 0.78812966 0.72226124 0.00769590 0.00983146
1 0.17595616 0.75175562 0.00536381 0.02528090
1 0.42828825 0.74648876 0.01515858 0.00912921
1 0.18458489 0.75070225 0.00443097 0.01053371
1 0.44554571 0.75421348 0.00862873 0.01053371
1 0.49195429 0.75912921 0.01096082 0.00983146
1 0.45755597 0.77036517 0.00979478 0.00632022
1 0.49055504 0.76983848 0.00583022 0.00596910
1 0.14470616 0.79002809 0.01842351 0.03721910
1 0.49510261 0.77615871 0.00792910 0.00667135
1 0.19274720 0.77931882 0.00303172 0.00807584
1 0.56786381 0.78142556 0.00792910 0.00737360
1 0.16196362 0.81671348 0.01096082 0.03511236
1 0.45020989 0.80635534 0.00956157 0.00948034
1 0.49813433 0.82478933 0.01305970 0.00912921
1 0.64983675 0.83058287 0.01842351 0.01931180
1 0.52681903 0.89641854 0.01305970 0.01685393
1 0.54337687 0.90589888 0.00466418 0.01264045
1 0.28311567 0.91432584 0.01399254 0.02387640
1 0.65461754 0.92995084 0.02425373 0.04108146
1 0.54909049 0.92275281 0.00349813 0.01053371
1 0.67467351 0.95874298 0.01352612 0.01790730
1 0.53999534 0.95523174 0.00909515 0.00807584
2 0.26002799 0.16818820 0.00699627 0.00842697
2 0.49323694 0.20839185 0.00373134 0.00807584
2 0.48134328 0.21629213 0.00652985 0.01193820
2 0.48822295 0.21242978 0.00349813 0.00421348
2 0.49731810 0.21541433 0.00163246 0.00526685
2 0.48659049 0.21910112 0.00349813 0.00632022
2 0.48973881 0.21857444 0.00279851 0.00596910
2 0.49347015 0.22033006 0.00233209 0.00386236
2 0.48600746 0.22489466 0.00233209 0.00386236
2 0.49347015 0.22858146 0.00233209 0.00491573
2 0.47994403 0.24315309 0.00233209 0.00386236
2 0.49020522 0.24683989 0.00186567 0.00280899
2 0.47609608 0.25052669 0.00116604 0.00175562
2 0.46268657 0.25421348 0.00186567 0.00280899
2 0.47609608 0.25649579 0.00209888 0.00386236
2 0.47189832 0.26299157 0.00163246 0.00491573
2 0.52530317 0.27668539 0.00209888 0.00351124
2 0.46746735 0.28054775 0.00303172 0.00632022
2 0.62814832 0.28370787 0.00163246 0.00280899
2 0.67793843 0.28599017 0.00279851 0.00526685
2 0.66732743 0.29950843 0.00256530 0.00421348
2 0.45114272 0.30161517 0.00209888 0.00351124
2 0.66884328 0.30214185 0.00046642 0.00105337
2 0.47831157 0.31004213 0.00419776 0.00491573
2 0.49953358 0.31302669 0.00559701 0.00667135
2 0.42362407 0.32004916 0.00489739 0.00667135
2 0.59211754 0.32180478 0.00373134 0.00877809
2 0.51329291 0.32057584 0.00186567 0.00280899
2 0.51259328 0.32514045 0.00186567 0.00351124
2 0.46933302 0.33058287 0.00163246 0.00245787
2 0.44146455 0.33707865 0.00326493 0.00842697
2 0.43750000 0.33620084 0.00233209 0.00316011
2 0.46501866 0.34129213 0.00186567 0.00351124
2 0.46152052 0.34410112 0.00186567 0.00351124
2 0.49790112 0.34989466 0.00652985 0.01580056
2 0.66173041 0.34568118 0.00209888 0.00316011
2 0.43306903 0.34743680 0.00139925 0.00245787
2 0.65764925 0.34743680 0.00186567 0.00245787
2 0.47796175 0.35112360 0.00163246 0.00772472
2 0.59573228 0.35463483 0.00303172 0.00842697
2 0.47376399 0.35323034 0.00303172 0.00351124
2 0.43353545 0.35445927 0.00186567 0.00386236
2 0.41441231 0.35533708 0.00279851 0.00421348
2 0.65496735 0.35551264 0.00349813 0.00316011
2 0.47656250 0.35621489 0.00256530 0.00316011
2 0.42315765 0.35902388 0.00163246 0.00245787
2 0.59048507 0.36218399 0.00233209 0.00737360
2 0.59701493 0.36551966 0.00373134 0.01053371
2 0.54570896 0.36358848 0.00373134 0.00456461
2 0.46700093 0.36376404 0.00209888 0.00351124
2 0.43062034 0.36674860 0.00209888 0.00386236
2 0.37255131 0.36674860 0.00163246 0.00316011
2 0.66196362 0.36587079 0.00116604 0.00140449
2 0.43400187 0.37061096 0.00233209 0.00456461
2 0.42432369 0.37605337 0.00956157 0.01334270
2 0.58861940 0.37201545 0.00326493 0.00526685
2 0.58430504 0.38114466 0.00489739 0.01228933
2 0.48833955 0.37851124 0.00559701 0.00491573
2 0.66091418 0.38588483 0.00559701 0.01404494
2 0.49708489 0.38254916 0.00396455 0.00667135
2 0.60704291 0.38360253 0.00419776 0.00667135
2 0.41639459 0.38290028 0.00163246 0.00386236
2 0.43784981 0.38518258 0.00956157 0.00772472
2 0.46618470 0.38342697 0.00186567 0.00280899
2 0.59934701 0.38676264 0.00326493 0.00526685
2 0.42992071 0.39009831 0.00256530 0.00912921
2 0.40391791 0.38886938 0.00139925 0.00175562
2 0.50454757 0.39044944 0.00209888 0.00351124
2 0.47026586 0.39290730 0.00349813 0.00632022
2 0.61578825 0.39308287 0.00256530 0.00526685
2 0.48204291 0.39396067 0.00233209 0.00491573
2 0.38304571 0.39852528 0.00583022 0.01123596
2 0.49860075 0.40010534 0.00326493 0.00667135
2 0.61742071 0.39922753 0.00349813 0.00491573
2 0.40403451 0.40326545 0.00256530 0.00386236
2 0.37150187 0.40607444 0.00186567 0.00316011
2 0.57602612 0.40976124 0.00513060 0.00561798
2 0.38689366 0.40905899 0.00233209 0.00351124
2 0.38479478 0.41327247 0.00233209 0.00280899
2 0.47446362 0.41625702 0.00163246 0.00456461
2 0.65776586 0.41748596 0.00209888 0.00351124
2 0.58173974 0.41941713 0.00116604 0.00175562
2 0.48460821 0.42169944 0.00466418 0.00421348
2 0.46070429 0.42205056 0.00116604 0.00210674
2 0.51189366 0.42257725 0.00233209 0.00386236
2 0.40391791 0.42363062 0.00186567 0.00316011
2 0.51970616 0.42854635 0.00209888 0.00386236
2 0.48111007 0.43082865 0.00373134 0.00772472
2 0.61298974 0.43065309 0.00349813 0.00596910
2 0.74638526 0.43082865 0.00256530 0.00491573
2 0.51609142 0.43486657 0.00932836 0.01158708
2 0.37231810 0.43188202 0.00256530 0.00351124
2 0.35062966 0.44153792 0.00303172 0.01088483
2 0.37966418 0.43750000 0.00186567 0.00280899
2 0.35902519 0.44030899 0.00209888 0.00351124
2 0.58325560 0.44206461 0.00233209 0.00351124
2 0.62383396 0.44856039 0.00326493 0.00737360
2 0.51958955 0.44733146 0.00233209 0.00280899
2 0.36403918 0.44996489 0.00373134 0.00596910
2 0.52541978 0.45066713 0.00186567 0.00316011
2 0.34748134 0.45540730 0.00466418 0.01123596
2 0.11427239 0.45505618 0.00233209 0.00491573
2 0.34409981 0.45646067 0.00209888 0.00842697
2 0.56238340 0.45382725 0.00209888 0.00316011
2 0.63770989 0.45365169 0.00163246 0.00280899
2 0.37325093 0.45874298 0.00629664 0.00807584
2 0.50466418 0.46875000 0.00093284 0.00140449
2 0.60459422 0.47436798 0.00256530 0.00702247
2 0.54034515 0.47542135 0.00186567 0.00280899
2 0.53078358 0.47682584 0.00186567 0.00351124
2 0.56506530 0.47805478 0.00186567 0.00456461
2 0.53509795 0.47945927 0.00209888 0.00386236
2 0.34643190 0.48068820 0.00209888 0.00491573
2 0.09596549 0.48279494 0.00209888 0.00351124
2 0.61916978 0.48297051 0.00186567 0.00245787
2 0.54081157 0.49139747 0.00699627 0.01650281
2 0.54804104 0.48560393 0.00139925 0.00351124
2 0.53789646 0.48700843 0.00163246 0.00280899
2 0.55433769 0.48700843 0.00186567 0.00351124
2 0.50419776 0.48665730 0.00093284 0.00140449
2 0.48064366 0.49157303 0.00139925 0.00210674
2 0.54652519 0.49332865 0.00349813 0.00421348
2 0.12021922 0.49543539 0.00209888 0.00491573
2 0.63351213 0.49543539 0.00209888 0.00351124
2 0.62989739 0.49648876 0.00233209 0.00421348
2 0.59794776 0.49648876 0.00139925 0.00280899
2 0.54967351 0.50122893 0.00233209 0.00386236
2 0.62651586 0.50070225 0.00116604 0.00210674
2 0.53847948 0.50140449 0.00139925 0.00210674
2 0.55585354 0.50333567 0.00209888 0.00316011
2 0.62814832 0.50298455 0.00209888 0.00316011
2 0.62056903 0.50860253 0.00419776 0.00596910
2 0.55923507 0.51211376 0.00279851 0.00737360
2 0.53020056 0.51650281 0.00722948 0.01334270
2 0.62756530 0.51931180 0.00186567 0.00280899
2 0.62395056 0.52159410 0.00163246 0.00316011
2 0.58045709 0.52264747 0.00093284 0.00175562
2 0.60587687 0.52405197 0.00233209 0.00386236
2 0.51574160 0.52510534 0.00163246 0.00316011
2 0.62546642 0.52598315 0.00139925 0.00210674
2 0.55760261 0.53300562 0.00093284 0.00140449
2 0.50046642 0.53493680 0.00139925 0.00316011
2 0.57229478 0.54722612 0.01119403 0.02352528
2 0.55025653 0.54353933 0.00163246 0.00351124
2 0.63048041 0.54827949 0.00489739 0.01228933
2 0.54535914 0.54757725 0.00583022 0.00877809
2 0.60844216 0.54634831 0.00139925 0.00280899
2 0.61893657 0.54617275 0.00139925 0.00245787
2 0.55293843 0.54740169 0.00186567 0.00140449
2 0.58453825 0.55179073 0.00303172 0.00877809
2 0.61951959 0.55512640 0.00676306 0.01123596
2 0.58173974 0.55600421 0.00163246 0.00386236
2 0.55352146 0.56214888 0.00303172 0.00421348
2 0.56238340 0.56179775 0.00209888 0.00210674
2 0.11986940 0.56759129 0.00419776 0.00737360
2 0.55200560 0.56864466 0.00279851 0.00667135
2 0.57520989 0.56934691 0.00583022 0.00807584
2 0.34444963 0.57110253 0.00513060 0.01018258
2 0.58034049 0.57022472 0.00629664 0.00772472
2 0.59375000 0.57162921 0.00466418 0.00912921
2 0.55562034 0.57004916 0.00256530 0.00386236
2 0.58791978 0.57180478 0.00279851 0.00667135
2 0.35960821 0.57443820 0.00139925 0.00280899
2 0.57637593 0.58023174 0.00769590 0.00737360
2 0.37476679 0.58374298 0.00093284 0.00175562
2 0.50874534 0.59357444 0.00116604 0.00245787
2 0.34713153 0.59655899 0.00396455 0.00561798
2 0.56786381 0.60445927 0.00139925 0.00316011
2 0.49988340 0.60568820 0.00116604 0.00280899
2 0.60762593 0.60832163 0.00256530 0.00386236
2 0.63292910 0.60779494 0.00279851 0.00351124
2 0.56856343 0.60832163 0.00139925 0.00245787
2 0.59923041 0.61042837 0.00163246 0.00245787
2 0.58885261 0.61306180 0.00186567 0.00421348
2 0.62534981 0.61288624 0.00209888 0.00316011
2 0.49475280 0.61920646 0.00209888 0.00386236
2 0.51597481 0.62113764 0.00256530 0.00421348
2 0.58255597 0.62078652 0.00233209 0.00421348
2 0.59619869 0.62025983 0.00163246 0.00245787
2 0.62943097 0.62061096 0.00186567 0.00316011
2 0.60144590 0.62096208 0.00186567 0.00245787
2 0.58652052 0.62148876 0.00186567 0.00210674
2 0.60214552 0.62377107 0.00186567 0.00245787
2 0.59514925 0.62745787 0.00279851 0.00772472
2 0.58418843 0.62693118 0.00186567 0.00316011
2 0.60436101 0.62710674 0.00256530 0.00351124
2 0.41301306 0.63026685 0.00559701 0.00702247
2 0.61998601 0.62974017 0.00163246 0.00245787
2 0.63013060 0.62991573 0.00233209 0.00280899
2 0.63292910 0.63009129 0.00279851 0.00245787
2 0.64972015 0.63061798 0.00139925 0.00351124
2 0.34841418 0.63237360 0.00373134 0.00421348
2 0.61357276 0.63254916 0.00186567 0.00316011
2 0.58173974 0.63290028 0.00116604 0.00245787
2 0.59223414 0.63272472 0.00163246 0.00210674
2 0.58442164 0.63360253 0.00186567 0.00316011
2 0.58593750 0.63553371 0.00303172 0.00351124
2 0.65065299 0.63465590 0.00139925 0.00245787
2 0.59946362 0.63553371 0.00116604 0.00280899
2 0.38922575 0.64027388 0.00326493 0.00737360
2 0.60832556 0.63939607 0.00396455 0.00632022
2 0.42257463 0.63939607 0.00186567 0.00421348
2 0.35587687 0.64518961 0.00466418 0.01439607
2 0.43411847 0.64466292 0.00722948 0.00912921
2 0.59794776 0.64097612 0.00186567 0.00245787
2 0.36648787 0.64220506 0.00256530 0.00351124
2 0.34456623 0.64624298 0.00536381 0.00948034
2 0.48017724 0.64466292 0.00233209 0.00351124
2 0.49451959 0.64378511 0.00209888 0.00245787
2 0.39004198 0.64712079 0.00163246 0.00702247
2 0.58803638 0.64571629 0.00303172 0.00491573
2 0.47411381 0.65589888 0.01259328 0.01825843
2 0.49720149 0.65010534 0.00233209 0.00526685
2 0.50618004 0.64957865 0.00256530 0.00421348
2 0.69169776 0.64922753 0.00279851 0.00351124
2 0.42082556 0.65238764 0.00536381 0.00842697
2 0.42933769 0.65080758 0.00279851 0.00456461
2 0.49428638 0.65045646 0.00256530 0.00386236
2 0.32381063 0.65045646 0.00163246 0.00245787
2 0.60167910 0.65186096 0.00186567 0.00245787
2 0.58850280 0.65221208 0.00163246 0.00245787
2 0.52611940 0.65572331 0.00419776 0.00667135
2 0.41522854 0.65642556 0.00303172 0.00596910
2 0.48332556 0.65537219 0.00209888 0.00386236
2 0.50314832 0.65853230 0.00536381 0.00877809
2 0.32719216 0.65642556 0.00233209 0.00245787
2 0.48973881 0.65747893 0.00233209 0.00386236
2 0.36613806 0.65783006 0.00326493 0.00316011
2 0.40904851 0.65660112 0.00093284 0.00140449
2 0.37569963 0.66344803 0.00932836 0.01299157
2 0.38619403 0.65905899 0.00279851 0.00421348
2 0.57777519 0.65941011 0.00443097 0.00491573
2 0.40613340 0.65905899 0.00116604 0.00351124
2 0.59899720 0.66134129 0.00256530 0.00737360
2 0.40298507 0.65993680 0.00139925 0.00245787
2 0.42642257 0.66573034 0.00956157 0.01193820
2 0.31961287 0.66186798 0.00349813 0.00280899
2 0.35844216 0.66274579 0.00233209 0.00456461
2 0.52297108 0.66151685 0.00256530 0.00280899
2 0.36835354 0.66239466 0.00256530 0.00316011
2 0.41744403 0.66660815 0.00746269 0.01158708
2 0.33943563 0.66309691 0.00163246 0.00245787
2 0.39505597 0.66432584 0.00139925 0.00351124
2 0.41103078 0.66660815 0.00443097 0.00596910
2 0.34934701 0.66924157 0.00559701 0.00912921
2 0.48472481 0.66748596 0.00396455 0.00632022
2 0.49755131 0.66608146 0.00209888 0.00351124
2 0.33057369 0.66643258 0.00163246 0.00210674
2 0.61707090 0.66695927 0.00186567 0.00316011
2 0.34386660 0.66818820 0.00116604 0.00280899
2 0.58220616 0.66818820 0.00163246 0.00280899
2 0.53288246 0.67363062 0.00419776 0.01228933
2 0.21583489 0.67169944 0.00303172 0.00491573
2 0.61788713 0.67169944 0.00256530 0.00491573
2 0.49288713 0.67222612 0.00303172 0.00456461
2 0.61462220 0.67117275 0.00163246 0.00245787
2 0.43878265 0.67345506 0.00349813 0.00561798
2 0.47434701 0.67363062 0.00326493 0.00526685
2 0.52063899 0.67556180 0.00349813 0.00983146
2 0.52810168 0.67257725 0.00256530 0.00386236
2 0.42129198 0.67450843 0.00163246 0.00280899
2 0.55282183 0.67380618 0.00256530 0.00210674
2 0.35984142 0.67433287 0.00093284 0.00175562
2 0.63736007 0.67485955 0.00186567 0.00280899
2 0.51189366 0.68047753 0.00699627 0.01053371
2 0.52915112 0.67696629 0.00139925 0.00421348
2 0.55410448 0.67784410 0.00233209 0.00386236
2 0.34258396 0.67872191 0.00279851 0.00491573
2 0.60319496 0.67837079 0.00163246 0.00351124
2 0.52506996 0.68117978 0.00303172 0.00561798
2 0.56669776 0.68135534 0.00279851 0.00526685
2 0.61252332 0.68205758 0.00116604 0.00245787
2 0.33593750 0.68346208 0.00209888 0.00456461
2 0.48927239 0.68521770 0.00139925 0.00245787
2 0.54839086 0.68943118 0.00583022 0.01018258
2 0.56075093 0.68609551 0.00209888 0.00351124
2 0.58803638 0.68767556 0.00349813 0.00737360
2 0.57905784 0.68732444 0.00233209 0.00386236
2 0.46128731 0.68750000 0.00186567 0.00280899
2 0.47959422 0.68960674 0.00209888 0.00351124
2 0.36019123 0.69030899 0.00163246 0.00351124
2 0.37663246 0.69083567 0.00326493 0.00245787
2 0.45988806 0.69417135 0.00233209 0.00842697
2 0.50757929 0.69452247 0.00256530 0.00421348
2 0.46501866 0.69452247 0.00186567 0.00280899
2 0.55480410 0.69715590 0.00279851 0.00456461
2 0.47924440 0.69750702 0.00373134 0.00456461
2 0.57136194 0.69803371 0.00186567 0.00351124
2 0.53801306 0.70417837 0.00373134 0.01088483
2 0.47143190 0.70330056 0.00209888 0.00280899
2 0.37406716 0.70382725 0.00139925 0.00316011
2 0.53556437 0.70382725 0.00163246 0.00245787
2 0.57101213 0.70505618 0.00163246 0.00561798
2 0.40310168 0.70382725 0.00116604 0.00175562
2 0.53031716 0.70663624 0.00419776 0.00667135
2 0.48740672 0.70663624 0.00373134 0.00526685
2 0.39575560 0.70751404 0.00279851 0.00491573
2 0.51154384 0.71137640 0.00163246 0.00280899
2 0.47866138 0.71190309 0.00209888 0.00245787
2 0.52635261 0.71313202 0.00373134 0.00491573
2 0.53626399 0.71418539 0.00256530 0.00632022
2 0.51515858 0.71383427 0.00326493 0.00491573
2 0.46700093 0.71488764 0.00209888 0.00280899
2 0.50769590 0.71699438 0.00513060 0.00702247
2 0.46385261 0.71646770 0.00186567 0.00456461
2 0.49696828 0.71576545 0.00139925 0.00316011
2 0.48833955 0.71752107 0.00326493 0.00316011
2 0.48437500 0.71857444 0.00279851 0.00386236
2 0.55387127 0.72068118 0.00513060 0.00667135
2 0.52891791 0.71910112 0.00233209 0.00280899
2 0.54769123 0.72226124 0.00629664 0.00912921
2 0.52320429 0.72068118 0.00303172 0.00316011
2 0.48204291 0.72138343 0.00186567 0.00245787
2 0.41674440 0.72261236 0.00139925 0.00210674
2 0.49486940 0.72349017 0.00186567 0.00386236
2 0.43353545 0.72349017 0.00139925 0.00245787
2 0.44274720 0.72366573 0.00303172 0.00351124
2 0.53358209 0.72612360 0.00326493 0.00772472
2 0.52448694 0.72489466 0.00233209 0.00316011
2 0.47516325 0.72665028 0.00256530 0.00526685
2 0.50093284 0.72629916 0.00233209 0.00386236
2 0.55736940 0.72612360 0.00326493 0.00421348
2 0.41103078 0.72770365 0.00163246 0.00245787
2 0.48006063 0.72823034 0.00443097 0.00421348
2 0.58092351 0.72787921 0.00233209 0.00280899
2 0.50408116 0.72893258 0.00256530 0.00421348
2 0.51702425 0.72945927 0.00233209 0.00316011
2 0.50769590 0.73103933 0.00186567 0.00351124
2 0.45172575 0.73139045 0.00139925 0.00210674
2 0.52215485 0.73402388 0.00373134 0.00667135
2 0.54769123 0.73577949 0.00396455 0.01088483
2 0.45289179 0.73455056 0.00233209 0.00351124
2 0.46012127 0.73595506 0.00466418 0.00632022
2 0.45487407 0.73595506 0.00163246 0.00280899
2 0.48705690 0.74051966 0.00209888 0.00561798
2 0.52751866 0.73841292 0.00233209 0.00140449
2 0.49055504 0.74034410 0.00256530 0.00456461
2 0.38561101 0.74139747 0.00256530 0.00526685
2 0.47784515 0.74280197 0.00559701 0.00807584
2 0.39260728 0.74227528 0.00209888 0.00421348
2 0.53159981 0.74332865 0.00489739 0.00561798
2 0.59211754 0.74367978 0.00326493 0.00702247
2 0.39657183 0.74350421 0.00256530 0.00386236
2 0.51201026 0.74315309 0.00256530 0.00316011
2 0.43621735 0.74403090 0.00256530 0.00351124
2 0.38304571 0.74596208 0.00163246 0.00316011
2 0.45685634 0.74736657 0.00233209 0.00526685
2 0.51644123 0.74789326 0.00722948 0.00702247
2 0.50746269 0.75000000 0.00839552 0.00842697
2 0.46630131 0.74929775 0.00209888 0.00491573
2 0.52775187 0.74771770 0.00186567 0.00245787
2 0.52915112 0.75122893 0.00513060 0.00877809
2 0.47807836 0.74947331 0.00186567 0.00386236
2 0.56541511 0.75158006 0.00256530 0.00386236
2 0.46385261 0.75158006 0.00186567 0.00316011
2 0.46723414 0.75193118 0.00209888 0.00386236
2 0.40881530 0.75351124 0.00326493 0.00491573
2 0.42280784 0.75316011 0.00279851 0.00421348
2 0.49183769 0.75421348 0.00466418 0.00491573
2 0.42572295 0.75474017 0.00163246 0.00456461
2 0.48577425 0.75456461 0.00233209 0.00351124
2 0.40671642 0.75456461 0.00233209 0.00210674
2 0.53090019 0.75719803 0.00256530 0.00596910
2 0.48344216 0.76088483 0.00699627 0.00772472
2 0.46093750 0.75912921 0.00069963 0.00210674
2 0.50932836 0.76369382 0.00792910 0.01053371
2 0.55247201 0.76386938 0.00419776 0.00877809
2 0.55701959 0.76123596 0.00209888 0.00280899
2 0.45953825 0.76509831 0.00489739 0.00421348
2 0.52472015 0.76544944 0.00186567 0.00351124
2 0.41068097 0.76667837 0.00186567 0.00316011
2 0.44671175 0.76650281 0.00256530 0.00351124
2 0.49008862 0.76632725 0.00209888 0.00245787
2 0.50011660 0.76896067 0.00396455 0.00702247
2 0.46583489 0.76808287 0.00163246 0.00316011
2 0.52658582 0.76896067 0.00233209 0.00421348
2 0.48507463 0.77422753 0.00466418 0.00842697
2 0.41091418 0.77299860 0.00186567 0.00386236
2 0.53591418 0.77686096 0.00326493 0.00667135
2 0.46548507 0.77808989 0.00186567 0.00280899
2 0.52588619 0.77914326 0.00139925 0.00421348
2 0.52355410 0.78283006 0.00186567 0.00737360
2 0.47959422 0.78265449 0.00163246 0.00280899
2 0.49451959 0.78651685 0.00209888 0.00351124
2 0.54046175 0.78844803 0.00116604 0.00175562
2 0.46373601 0.79775281 0.00256530 0.00561798
2 0.50687966 0.80038624 0.00209888 0.00456461
2 0.66044776 0.80214185 0.00186567 0.00245787
2 0.47971082 0.80372191 0.00186567 0.00280899
2 0.21898321 0.81039326 0.00652985 0.00772472
2 0.47516325 0.81460674 0.00209888 0.00421348
2 0.67665578 0.84076545 0.00209888 0.00316011
2 0.64855410 0.87148876 0.00233209 0.00280899
2 0.25967817 0.88553371 0.00536381 0.00772472
2 0.61975280 0.88553371 0.00722948 0.00772472
2 0.64657183 0.88588483 0.00209888 0.00351124
2 0.63584422 0.89009831 0.00163246 0.00280899
3 0.14820429 0.84199438 0.01842351 0.03581461
