0 0.31576493 0.15133427 0.00606343 0.01123596
0 0.48332556 0.26299157 0.00396455 0.00632022
0 0.36683769 0.27721208 0.00373134 0.00667135
0 0.33115672 0.30898876 0.00233209 0.00351124
0 0.45918843 0.32408708 0.00373134 0.00491573
0 0.51550840 0.33900983 0.00256530 0.00386236
0 0.43808302 0.35621489 0.00209888 0.00316011
0 0.44006530 0.36429073 0.00279851 0.00386236
0 0.31914646 0.37061096 0.00769590 0.01299157
0 0.31133396 0.38132022 0.00699627 0.01123596
0 0.43143657 0.37903792 0.00373134 0.00526685
0 0.45790578 0.40660112 0.00489739 0.00632022
0 0.40625000 0.41116573 0.00419776 0.00702247
0 0.50524720 0.41976826 0.00209888 0.00316011
0 0.41138060 0.42275281 0.00233209 0.00351124
0 0.50221549 0.42380618 0.00443097 0.00632022
0 0.50839552 0.42468399 0.00326493 0.00526685
0 0.45860541 0.46348315 0.00303172 0.00491573
0 0.51935634 0.50754916 0.00233209 0.00386236
0 0.53439832 0.52071629 0.00209888 0.00280899
0 0.54559235 0.52194522 0.00256530 0.00386236
0 0.45685634 0.55266854 0.00326493 0.00491573
0 0.45265858 0.59480337 0.00326493 0.00491573
0 0.34223414 0.60340590 0.00536381 0.00948034
0 0.27075560 0.60410815 0.00466418 0.00667135
0 0.55620336 0.63026685 0.00373134 0.00561798
0 0.27040578 0.63483146 0.00349813 0.00561798
0 0.25058302 0.69522472 0.00349813 0.00561798
0 0.13607743 0.72454354 0.00583022 0.01018258
0 0.31588153 0.73753511 0.00443097 0.00667135
0 0.78812966 0.77475421 0.00536381 0.00667135
0 0.32567631 0.77791433 0.00489739 0.00807584
0 0.47772854 0.86411517 0.00489739 0.00702247
0 0.69881063 0.91186798 0.00769590 0.01123596
0 0.21280317 0.91309691 0.00536381 0.01018258
0 0.68540112 0.92082163 0.00792910 0.01228933
0 0.57031250 0.92643961 0.00256530 0.00456461
0 0.69204757 0.92731742 0.00303172 0.00491573
0 0.50443097 0.99034410 0.00279851 0.00456461
1 0.40729944 0.08479635 0.01329291 0.01439607
1 0.42432369 0.20277388 0.02308769 0.02633427
1 0.54559235 0.22173455 0.01375933 0.02071629
1 0.50618004 0.22752809 0.01609142 0.02036517
1 0.44041511 0.26825843 0.04407649 0.06601124
1 0.32077892 0.28879916 0.01935634 0.02282303
1 0.40053638 0.28774579 0.01282649 0.01650281
1 0.47831157 0.31337781 0.02472015 0.01650281
1 0.32870802 0.31495787 0.00536381 0.01123596
1 0.48262593 0.33936096 0.00676306 0.02352528
1 0.45673974 0.33532303 0.02028918 0.00702247
1 0.41312966 0.34146770 0.00909515 0.01580056
1 0.35541045 0.35867275 0.03264925 0.04318820
1 0.30771922 0.36095506 0.00862873 0.01404494
1 0.47586287 0.37500000 0.03148321 0.04002809
1 0.45790578 0.36077949 0.00769590 0.00737360
1 0.52262127 0.37113764 0.02518657 0.02317416
1 0.45184235 0.37693118 0.00956157 0.01509831
1 0.39680504 0.39887640 0.03614739 0.05126404
1 0.42490672 0.38851826 0.01072761 0.02001404
1 0.49848414 0.39817416 0.00909515 0.01685393
1 0.36905317 0.40361657 0.01002799 0.01720506
1 0.48309235 0.41853933 0.03148321 0.03160112
1 0.40928172 0.55969101 0.01819030 0.01334270
1 0.23868937 0.63904494 0.02355410 0.02949438
1 0.25478078 0.66678371 0.02588619 0.02668539
1 0.30258862 0.68732444 0.00629664 0.01088483
1 0.54547575 0.70172051 0.02798507 0.03546348
1 0.19414646 0.73261938 0.03987873 0.09585674
1 0.30083955 0.73577949 0.01399254 0.02563202
1 0.35611007 0.74877107 0.02751866 0.04599719
1 0.75874534 0.75263343 0.00769590 0.03335674
1 0.40356810 0.76509831 0.01282649 0.01896067
1 0.38351213 0.79880618 0.00629664 0.01544944
1 0.26900653 0.80143961 0.01562500 0.01790730
1 0.22119869 0.80828652 0.01329291 0.01896067
1 0.17385728 0.81478230 0.01096082 0.02984551
1 0.72842817 0.82040028 0.02122201 0.03195225
1 0.52681903 0.81443118 0.02052239 0.01931180
1 0.27740205 0.82865169 0.01236007 0.01334270
1 0.50408116 0.84216994 0.00956157 0.00737360
1 0.30550373 0.87763343 0.07136194 0.04318820
1 0.33337220 0.87201545 0.01422575 0.00948034
1 0.35925840 0.91590590 0.02075560 0.01580056
2 0.39808769 0.26860955 0.00186567 0.00280899
2 0.38864272 0.29564607 0.00116604 0.00280899
2 0.38712687 0.29915730 0.00186567 0.00280899
2 0.40601679 0.29880618 0.00093284 0.00140449
2 0.49848414 0.30126404 0.00583022 0.00702247
2 0.40240205 0.30038624 0.00116604 0.00245787
2 0.40076959 0.30459972 0.00256530 0.00386236
2 0.41149720 0.30600421 0.00163246 0.00245787
2 0.39249067 0.30881320 0.00279851 0.00526685
2 0.40928172 0.31530899 0.00466418 0.01474719
2 0.44531250 0.30881320 0.00209888 0.00245787
2 0.41487873 0.31162219 0.00326493 0.00456461
2 0.42047575 0.31091994 0.00186567 0.00386236
2 0.39855410 0.31250000 0.00279851 0.00561798
2 0.47318097 0.31302669 0.00139925 0.00316011
2 0.47609608 0.31302669 0.00163246 0.00316011
2 0.41219683 0.31372893 0.00209888 0.00316011
2 0.40041978 0.31759129 0.00373134 0.00737360
2 0.41709422 0.31706461 0.00256530 0.00561798
2 0.43306903 0.31636236 0.00326493 0.00421348
2 0.46093750 0.31882022 0.00349813 0.00702247
2 0.39237407 0.32110253 0.00443097 0.01018258
2 0.44099813 0.31864466 0.00326493 0.00526685
2 0.47026586 0.31952247 0.00069963 0.00280899
2 0.47469683 0.32198034 0.00116604 0.00210674
2 0.41312966 0.32742275 0.00489739 0.01018258
2 0.44099813 0.32689607 0.00233209 0.00421348
2 0.40100280 0.33163624 0.00396455 0.01018258
2 0.44298041 0.33040730 0.00163246 0.00280899
2 0.37348414 0.33181180 0.00116604 0.00210674
2 0.44053172 0.33216292 0.00139925 0.00210674
2 0.37954757 0.33620084 0.00349813 0.00596910
2 0.40741604 0.36253511 0.00419776 0.00737360
2 0.45988806 0.38904494 0.00186567 0.00280899
2 0.43551772 0.39799860 0.00443097 0.00737360
2 0.44729478 0.39712079 0.00559701 0.00421348
2 0.45219216 0.39834972 0.00186567 0.00316011
2 0.48449160 0.39887640 0.00163246 0.00210674
2 0.51655784 0.40168539 0.00373134 0.00702247
2 0.43318563 0.40326545 0.00116604 0.00316011
2 0.50862873 0.40625000 0.00279851 0.00561798
2 0.44414646 0.41134129 0.00862873 0.01369382
2 0.43027052 0.40783006 0.00186567 0.00245787
2 0.42817164 0.40905899 0.00139925 0.00140449
2 0.42047575 0.42503511 0.01352612 0.02422753
2 0.43062034 0.41450140 0.00116604 0.00175562
2 0.44857743 0.41713483 0.00209888 0.00421348
2 0.45510728 0.41660815 0.00163246 0.00245787
2 0.31599813 0.42134831 0.00279851 0.00561798
2 0.44834422 0.42134831 0.00116604 0.00210674
2 0.44612873 0.42310393 0.00186567 0.00421348
2 0.45242537 0.42626404 0.00326493 0.00702247
2 0.45522388 0.42766854 0.00186567 0.00280899
2 0.46595149 0.42749298 0.00186567 0.00245787
2 0.44391325 0.42889747 0.00163246 0.00386236
2 0.46326959 0.43082865 0.00256530 0.00210674
2 0.44624534 0.43223315 0.00163246 0.00280899
2 0.45440765 0.43223315 0.00256530 0.00280899
2 0.43866604 0.44048455 0.01445896 0.01790730
2 0.41534515 0.44803371 0.01492537 0.03019663
2 0.46256996 0.43890449 0.00769590 0.00983146
2 0.44799440 0.43714888 0.00139925 0.00351124
2 0.45265858 0.43890449 0.00466418 0.00561798
2 0.38257929 0.44030899 0.00256530 0.00280899
2 0.40088619 0.44276685 0.00233209 0.00280899
2 0.36893657 0.44294242 0.00186567 0.00245787
2 0.44962687 0.44540028 0.00326493 0.00386236
2 0.35307836 0.44557584 0.00233209 0.00280899
2 0.37908116 0.45400281 0.01469216 0.01755618
2 0.35995802 0.44961376 0.00303172 0.00245787
2 0.43271922 0.45646067 0.00909515 0.01404494
2 0.44368004 0.46190309 0.01515858 0.02422753
2 0.37068563 0.45259831 0.00209888 0.00280899
2 0.38701026 0.45330056 0.00209888 0.00351124
2 0.35762593 0.45470506 0.00163246 0.00421348
2 0.38537780 0.46348315 0.00583022 0.00491573
2 0.45638993 0.46471208 0.00186567 0.00386236
2 0.37173507 0.46664326 0.00606343 0.00561798
2 0.37896455 0.46822331 0.00652985 0.00877809
2 0.38292910 0.47507022 0.00326493 0.00632022
2 0.37954757 0.47647472 0.00256530 0.00351124
2 0.41744403 0.47893258 0.00186567 0.00421348
2 0.36765392 0.48086376 0.00209888 0.00526685
2 0.37884795 0.48191713 0.00163246 0.00316011
2 0.38351213 0.48665730 0.00209888 0.00280899
2 0.42677239 0.49087079 0.00186567 0.00280899
2 0.42455690 0.54669944 0.00209888 0.00351124
2 0.51375933 0.80916433 0.00279851 0.00667135
2 0.51189366 0.81372893 0.00326493 0.00316011
2 0.21303638 0.88412921 0.00163246 0.00210674
2 0.37418377 0.90642556 0.00256530 0.00386236
2 0.24078825 0.93293539 0.00163246 0.00210674
2 0.31529851 0.93451545 0.00233209 0.00456461
3 0.46466884 0.24209972 0.06086754 0.09023876
3 0.22621269 0.76299157 0.04897388 0.08778090
3 0.26527519 0.76667837 0.02495336 0.03405899
3 0.77308769 0.77475421 0.02052239 0.03897472
3 0.72224813 0.85761938 0.02192164 0.05863764
3 0.49183769 0.86095506 0.02425373 0.04494382
