0 0.48950560 0.00421348 0.00559701 0.00842697
0 0.38980877 0.06004213 0.00396455 0.00561798
0 0.69671175 0.06408006 0.00536381 0.00807584
0 0.18878265 0.07496489 0.00722948 0.01018258
0 0.24032183 0.08532303 0.00443097 0.00702247
0 0.66441231 0.08690309 0.00513060 0.00667135
0 0.33092351 0.08760534 0.00559701 0.00667135
0 0.69659515 0.12113764 0.00513060 0.00912921
0 0.26644123 0.12377107 0.00676306 0.01088483
0 0.52168843 0.14062500 0.00699627 0.01018258
0 0.22399720 0.14992978 0.00116604 0.00210674
0 0.73180970 0.15800562 0.00279851 0.00351124
0 0.78801306 0.16713483 0.00466418 0.00702247
0 0.24323694 0.17801966 0.00373134 0.00491573
0 0.16756063 0.18188202 0.00396455 0.00632022
0 0.27705224 0.20066713 0.00466418 0.00667135
0 0.20405784 0.22805478 0.00233209 0.00386236
0 0.58617071 0.26878511 0.00303172 0.00526685
0 0.15065299 0.28581461 0.00652985 0.00983146
0 0.22912780 0.29195927 0.00536381 0.00807584
0 0.76562500 0.31566011 0.00466418 0.00702247
0 0.19951026 0.31952247 0.00536381 0.00772472
0 0.36683769 0.37183989 0.00233209 0.00561798
0 0.25804571 0.37535112 0.00443097 0.00772472
0 0.43831623 0.38641152 0.00443097 0.00737360
0 0.10855877 0.38764045 0.00443097 0.00632022
0 0.36508862 0.39641854 0.00349813 0.00491573
0 0.18551772 0.41397472 0.00396455 0.00632022
0 0.50233209 0.42924860 0.00326493 0.00456461
0 0.51305970 0.43205758 0.00326493 0.00526685
0 0.56821362 0.45593399 0.00722948 0.00948034
0 0.19834422 0.47313904 0.00349813 0.00456461
0 0.13945896 0.48455056 0.00373134 0.00702247
0 0.11520522 0.49051966 0.00419776 0.00632022
0 0.28579757 0.49262640 0.00489739 0.00842697
0 0.22586287 0.49192416 0.00256530 0.00421348
0 0.44601213 0.50860253 0.00396455 0.00667135
0 0.15006996 0.51246489 0.00443097 0.00877809
0 0.21548507 0.51896067 0.00233209 0.00351124
0 0.43645056 0.52299860 0.00396455 0.00667135
0 0.19426306 0.53265449 0.00233209 0.00421348
0 0.21735075 0.53528792 0.00233209 0.00456461
0 0.22119869 0.54669944 0.00349813 0.00491573
0 0.26749067 0.54705056 0.00279851 0.00421348
0 0.22283116 0.57198034 0.00209888 0.00351124
0 0.58652052 0.57847612 0.00839552 0.01088483
0 0.32439366 0.59691011 0.00699627 0.01053371
0 0.17350746 0.61569522 0.00279851 0.00456461
0 0.72084888 0.61920646 0.00419776 0.00596910
0 0.24277052 0.62745787 0.00513060 0.01123596
0 0.41301306 0.62763343 0.00419776 0.00526685
0 0.11240672 0.63781601 0.00373134 0.00526685
0 0.13304571 0.67924860 0.00349813 0.00526685
0 0.13957556 0.68293539 0.00536381 0.00983146
0 0.56494869 0.71242978 0.00536381 0.00912921
0 0.11916978 0.72524579 0.00466418 0.00737360
0 0.55468750 0.73490169 0.00256530 0.00421348
0 0.11380597 0.73929073 0.00466418 0.00667135
0 0.55492071 0.75193118 0.00303172 0.00526685
0 0.50664646 0.76474719 0.00629664 0.00912921
0 0.65030317 0.77229635 0.00303172 0.00526685
0 0.71921642 0.78739466 0.00419776 0.00667135
0 0.43796642 0.81004213 0.00326493 0.00491573
0 0.43155317 0.81267556 0.00443097 0.00596910
0 0.15415112 0.82057584 0.00652985 0.00912921
0 0.48495802 0.82531601 0.00396455 0.00456461
0 0.21478545 0.83268961 0.00233209 0.00386236
0 0.23950560 0.84199438 0.00419776 0.00561798
0 0.21735075 0.85498596 0.00513060 0.00842697
0 0.26504198 0.89132725 0.00536381 0.00737360
0 0.42630597 0.89378511 0.00279851 0.00456461
0 0.24451959 0.89957865 0.00256530 0.00351124
0 0.23973881 0.90308989 0.00279851 0.00421348
0 0.27413713 0.93117978 0.00443097 0.00561798
0 0.63701026 0.93960674 0.00629664 0.00561798
0 0.62080224 0.95610955 0.00419776 0.00632022
0 0.54897388 0.96734551 0.00279851 0.00421348
0 0.61392257 0.97419242 0.00583022 0.00948034
0 0.36170709 0.97717697 0.00559701 0.00983146
0 0.35529384 0.97735253 0.00303172 0.00526685
1 0.46525187 0.00421348 0.01399254 0.00842697
1 0.63106343 0.04476826 0.02332090 0.04810393
1 0.46326959 0.03581461 0.01282649 0.01404494
1 0.64843750 0.04055478 0.01049440 0.01860955
1 0.27063899 0.14132725 0.00816231 0.01088483
1 0.32800840 0.19838483 0.00629664 0.00702247
1 0.14972015 0.21576545 0.00886194 0.02422753
1 0.28463153 0.21681882 0.01189366 0.01509831
1 0.51305970 0.22173455 0.02005597 0.02492978
1 0.57474347 0.27808989 0.00769590 0.01264045
1 0.28101679 0.33883427 0.00839552 0.00912921
1 0.36485541 0.34708567 0.01002799 0.01931180
1 0.19717817 0.36569522 0.00349813 0.01088483
1 0.18761660 0.38676264 0.02448694 0.02914326
1 0.36007463 0.38272472 0.01585821 0.01966292
1 0.32684235 0.39431180 0.00676306 0.01123596
1 0.41837687 0.42872191 0.02238806 0.03441011
1 0.20638993 0.44153792 0.02705224 0.02914326
1 0.07066231 0.44557584 0.00466418 0.01615169
1 0.44251399 0.45593399 0.01329291 0.02071629
1 0.14085821 0.46348315 0.00839552 0.01474719
1 0.18854944 0.46523876 0.00769590 0.00842697
1 0.41033116 0.47243680 0.01842351 0.02282303
1 0.12511660 0.47735253 0.00629664 0.01299157
1 0.12849813 0.47945927 0.00373134 0.00807584
1 0.45382463 0.48525281 0.01119403 0.01053371
1 0.18505131 0.49525983 0.01515858 0.02282303
1 0.21618470 0.49824438 0.01585821 0.01685393
1 0.27553638 0.50193118 0.00722948 0.01369382
1 0.43645056 0.50175562 0.01002799 0.00842697
1 0.12301772 0.50421348 0.00769590 0.01193820
1 0.21361940 0.53089888 0.00419776 0.00561798
1 0.16837687 0.54108146 0.01072761 0.00912921
1 0.19484608 0.54248596 0.00396455 0.00421348
1 0.24370336 0.56829354 0.00979478 0.01931180
1 0.26469216 0.57514045 0.00746269 0.00772472
1 0.27681903 0.59954354 0.00886194 0.02703652
1 0.84270056 0.61218399 0.01236007 0.03686798
1 0.34281716 0.61060393 0.01026119 0.01685393
1 0.14645522 0.63167135 0.00652985 0.01755618
1 0.10611007 0.71681882 0.00886194 0.01228933
1 0.29664179 0.74666433 0.00932836 0.01369382
1 0.14039179 0.75509129 0.02098881 0.02563202
1 0.24615205 0.75333567 0.01096082 0.01580056
1 0.12313433 0.76544944 0.00979478 0.01685393
1 0.26096082 0.75965590 0.00466418 0.00316011
1 0.14668843 0.77703652 0.02565299 0.02247191
1 0.18388526 0.78511236 0.01049440 0.00842697
1 0.14284049 0.80459972 0.02168843 0.02844101
1 0.79489272 0.79950843 0.00769590 0.01755618
1 0.17490672 0.81337781 0.00839552 0.01790730
1 0.26201026 0.87043539 0.00676306 0.01123596
1 0.61998601 0.99034410 0.01049440 0.00596910
2 0.40694963 0.00403792 0.00513060 0.00737360
2 0.42105877 0.00333567 0.00443097 0.00667135
2 0.43131996 0.00368680 0.00536381 0.00596910
2 0.66103078 0.01299157 0.00816231 0.01264045
2 0.42164179 0.01422051 0.00699627 0.01088483
2 0.58885261 0.02247191 0.01259328 0.02036517
2 0.69846082 0.01983848 0.00699627 0.01299157
2 0.43400187 0.01913624 0.00419776 0.00667135
2 0.60237873 0.02176966 0.00279851 0.00632022
2 0.60984142 0.02808989 0.00886194 0.01896067
2 0.50559701 0.03458567 0.00513060 0.00807584
2 0.68633396 0.03739466 0.00839552 0.00596910
2 0.59899720 0.05337079 0.00629664 0.00983146
2 0.60447761 0.06021770 0.00466418 0.00807584
2 0.59876399 0.07636938 0.00676306 0.00737360
2 0.80095616 0.20172051 0.00303172 0.00456461
2 0.79197761 0.20751404 0.00513060 0.00561798
2 0.81658116 0.21242978 0.00209888 0.00351124
2 0.80981810 0.22436798 0.00769590 0.00912921
2 0.79454291 0.22471910 0.00326493 0.00702247
2 0.78556437 0.23332163 0.00396455 0.00386236
2 0.80643657 0.24174860 0.00326493 0.00596910
2 0.17723881 0.24648876 0.00373134 0.00842697
2 0.20359142 0.25122893 0.00466418 0.01650281
2 0.19018190 0.25632022 0.01888993 0.02387640
2 0.14214086 0.25140449 0.00583022 0.00842697
2 0.21408582 0.26246489 0.00513060 0.00737360
2 0.14272388 0.26825843 0.00419776 0.00842697
2 0.17770522 0.27615871 0.00699627 0.01018258
2 0.19706157 0.29529494 0.02378731 0.02949438
2 0.24918377 0.28212781 0.00256530 0.00386236
2 0.18866604 0.28581461 0.00279851 0.00702247
2 0.21187034 0.30407303 0.01002799 0.02457865
2 0.40881530 0.33093399 0.00792910 0.00737360
2 0.35552705 0.34041433 0.00722948 0.01228933
2 0.40986474 0.34357444 0.00443097 0.00807584
2 0.31494869 0.35691713 0.00583022 0.01018258
2 0.35132929 0.35674157 0.00722948 0.00983146
2 0.32322761 0.35937500 0.00606343 0.01018258
2 0.35750933 0.36025281 0.00326493 0.00632022
2 0.37884795 0.36762640 0.00536381 0.00983146
2 0.32800840 0.36850421 0.00676306 0.00948034
2 0.34270056 0.36780197 0.00583022 0.00807584
2 0.39167444 0.37938904 0.01096082 0.02352528
2 0.33395522 0.37289326 0.00419776 0.00842697
2 0.38094683 0.37763343 0.00489739 0.00526685
2 0.38619403 0.39501404 0.00513060 0.00983146
2 0.45778918 0.39325843 0.00373134 0.00632022
2 0.35809235 0.40607444 0.00862873 0.00877809
2 0.38339552 0.41239466 0.01072761 0.01650281
2 0.15776586 0.41186798 0.00209888 0.00351124
2 0.23320896 0.41555478 0.00326493 0.00456461
2 0.46956623 0.42433287 0.00303172 0.00667135
2 0.34526586 0.42573736 0.00349813 0.00667135
2 0.24358675 0.42714185 0.00536381 0.00737360
2 0.19519590 0.42714185 0.00606343 0.00596910
2 0.22772854 0.42907303 0.00396455 0.00912921
2 0.18097015 0.43381320 0.02005597 0.01650281
2 0.23425840 0.43082865 0.00583022 0.00912921
2 0.23694030 0.45821629 0.02518657 0.05056180
2 0.33395522 0.44469803 0.00839552 0.02212079
2 0.36124067 0.45101826 0.00979478 0.01299157
2 0.39622201 0.44838483 0.00373134 0.00772472
2 0.38526119 0.45084270 0.00513060 0.01123596
2 0.36858675 0.46172753 0.00722948 0.02247191
2 0.34106810 0.45681180 0.00489739 0.01053371
2 0.37943097 0.46032303 0.00839552 0.01264045
2 0.42642257 0.45716292 0.00256530 0.00421348
2 0.16371269 0.46190309 0.00699627 0.00807584
2 0.25722948 0.46576545 0.00932836 0.01088483
2 0.37406716 0.46330758 0.00279851 0.00526685
2 0.35517724 0.46558989 0.00419776 0.00842697
2 0.37674907 0.46752107 0.00256530 0.00386236
2 0.32614272 0.47419242 0.00256530 0.00807584
2 0.21303638 0.47454354 0.00583022 0.00807584
2 0.37453358 0.47296348 0.00326493 0.00491573
2 0.18038713 0.47647472 0.00722948 0.00632022
2 0.17175840 0.47542135 0.00256530 0.00280899
2 0.17479011 0.47998596 0.00443097 0.00491573
2 0.20627332 0.48683287 0.00583022 0.01439607
2 0.21781716 0.48823736 0.01119403 0.00737360
2 0.08640392 0.49385534 0.00256530 0.00526685
2 0.35156250 0.49350421 0.00256530 0.00386236
2 0.15928172 0.49806882 0.00513060 0.01018258
2 0.33663713 0.49666433 0.00303172 0.00386236
2 0.23402519 0.51070927 0.01795709 0.02844101
2 0.16872668 0.51070927 0.01189366 0.02212079
2 0.36252332 0.50351124 0.00209888 0.00351124
2 0.21991604 0.50930478 0.00979478 0.00948034
2 0.35902519 0.51544944 0.00209888 0.00280899
2 0.16429571 0.52580758 0.00862873 0.02141854
2 0.39458955 0.51948736 0.00233209 0.00316011
2 0.40356810 0.52018961 0.00256530 0.00456461
2 0.22306437 0.52615871 0.01189366 0.01018258
2 0.23250933 0.52686096 0.00373134 0.01018258
2 0.17339086 0.52598315 0.00303172 0.00491573
2 0.36707090 0.52440309 0.00139925 0.00245787
2 0.36380597 0.52686096 0.00233209 0.00316011
2 0.14948694 0.53634129 0.00792910 0.01790730
2 0.36730410 0.53089888 0.00186567 0.00280899
2 0.36100746 0.53195225 0.00233209 0.00280899
2 0.36415578 0.53212781 0.00163246 0.00316011
2 0.22154851 0.53827247 0.00279851 0.00421348
2 0.37126866 0.53862360 0.00233209 0.00421348
2 0.38129664 0.54564607 0.01119403 0.01404494
2 0.23554104 0.54143258 0.00279851 0.00351124
2 0.22959422 0.54318820 0.00303172 0.00491573
2 0.21175373 0.55003511 0.00279851 0.00386236
2 0.21735075 0.55301966 0.00466418 0.00561798
2 0.20930504 0.55337079 0.00256530 0.00351124
2 0.43178638 0.55407303 0.00256530 0.00351124
2 0.15741604 0.55933989 0.00699627 0.00983146
2 0.17490672 0.55828652 0.00606343 0.00491573
2 0.40193563 0.55723315 0.00209888 0.00351124
2 0.21501866 0.56267556 0.00792910 0.00667135
2 0.20907183 0.56513343 0.00349813 0.00526685
2 0.16697761 0.56601124 0.00466418 0.00491573
2 0.17945429 0.57408708 0.01515858 0.01615169
2 0.21478545 0.57496489 0.00186567 0.00316011
2 0.21956623 0.57830056 0.00443097 0.00912921
2 0.29874067 0.58198736 0.01166045 0.01369382
2 0.21152052 0.57970506 0.00373134 0.00351124
2 0.20755597 0.58321629 0.00326493 0.00421348
2 0.21513526 0.58321629 0.00256530 0.00421348
2 0.18516791 0.58479635 0.00139925 0.00245787
2 0.20499067 0.59339888 0.01539179 0.01544944
2 0.29535914 0.59866573 0.00629664 0.00772472
2 0.17583955 0.59919242 0.00559701 0.00737360
2 0.13957556 0.59919242 0.00536381 0.00526685
2 0.19064832 0.60252809 0.01002799 0.01264045
2 0.15928172 0.60674157 0.00746269 0.01474719
2 0.36683769 0.60603933 0.00279851 0.00561798
2 0.20370802 0.60551264 0.00256530 0.00316011
2 0.15380131 0.61148174 0.00536381 0.00807584
2 0.20534049 0.61341292 0.00256530 0.00421348
2 0.44076493 0.61657303 0.00233209 0.00421348
2 0.21723414 0.61850421 0.00256530 0.00526685
2 0.19076493 0.61850421 0.00233209 0.00386236
2 0.19857743 0.62447331 0.00163246 0.00245787
2 0.15403451 0.62535112 0.00256530 0.00351124
2 0.21023787 0.64062500 0.01515858 0.02001404
2 0.22971082 0.64273174 0.01119403 0.02141854
2 0.13292910 0.64115169 0.00326493 0.00491573
2 0.15776586 0.64624298 0.00256530 0.00456461
2 0.12581623 0.64905197 0.00303172 0.00807584
2 0.18948228 0.64712079 0.00256530 0.00280899
2 0.21828358 0.64817416 0.00279851 0.00280899
2 0.13024720 0.65783006 0.01189366 0.01860955
2 0.24195429 0.65080758 0.00256530 0.00386236
2 0.23740672 0.65677669 0.00466418 0.00877809
2 0.20708955 0.65537219 0.00279851 0.00316011
2 0.21875000 0.66134129 0.00746269 0.01018258
2 0.23076026 0.66344803 0.00536381 0.00526685
2 0.16126399 0.66450140 0.00256530 0.00386236
2 0.10587687 0.68293539 0.00839552 0.02457865
2 0.14960354 0.68837781 0.01375933 0.02492978
2 0.29944030 0.68398876 0.00326493 0.00772472
2 0.31191698 0.68662219 0.00816231 0.01228933
2 0.11427239 0.68504213 0.00419776 0.00632022
2 0.27985075 0.69768258 0.01679104 0.02528090
2 0.29221082 0.69575140 0.00699627 0.00877809
2 0.30911847 0.69943820 0.00676306 0.00842697
2 0.10925840 0.70014045 0.00256530 0.00842697
2 0.21595149 0.69926264 0.00373134 0.00526685
2 0.28509795 0.70066713 0.00443097 0.00737360
2 0.56110075 0.69996489 0.00373134 0.00526685
2 0.30072295 0.70049157 0.00349813 0.00421348
2 0.29221082 0.70663624 0.00279851 0.00386236
2 0.31156716 0.70962079 0.00466418 0.00983146
2 0.30655317 0.71330758 0.00396455 0.01158708
2 0.30153918 0.70997191 0.00233209 0.00421348
2 0.28626399 0.71190309 0.00396455 0.00667135
2 0.52903451 0.71471208 0.00489739 0.00948034
2 0.26410914 0.71752107 0.00629664 0.00877809
2 0.53125000 0.71997893 0.00326493 0.00386236
2 0.13980877 0.72208567 0.00489739 0.00737360
2 0.28334888 0.72559691 0.00513060 0.00667135
2 0.28509795 0.72963483 0.00536381 0.00702247
2 0.26667444 0.73577949 0.01096082 0.01580056
2 0.27891791 0.72998596 0.00326493 0.00491573
2 0.30095616 0.73314607 0.01049440 0.00772472
2 0.27530317 0.73613062 0.00489739 0.01088483
2 0.29221082 0.73700843 0.00233209 0.00561798
2 0.27238806 0.74561096 0.00326493 0.00526685
2 0.30631996 0.74789326 0.00349813 0.00421348
2 0.27448694 0.75632022 0.01119403 0.01825843
2 0.26982276 0.74964888 0.00233209 0.00351124
2 0.38875933 0.75579354 0.00279851 0.00807584
2 0.28812966 0.76299157 0.00489739 0.00912921
2 0.28288246 0.76738062 0.00233209 0.00737360
2 0.27693563 0.76931180 0.00629664 0.00842697
2 0.22877799 0.80108848 0.00186567 0.00316011
2 0.43738340 0.83005618 0.00489739 0.00983146
2 0.30795243 0.84129213 0.00209888 0.00351124
2 0.23192631 0.85867275 0.00303172 0.00386236
2 0.24475280 0.85937500 0.00256530 0.00456461
2 0.24661847 0.88202247 0.00443097 0.00491573
2 0.25128265 0.88834270 0.01002799 0.01404494
2 0.22562966 0.88834270 0.00256530 0.00491573
2 0.23519123 0.89308287 0.00769590 0.01509831
2 0.22364739 0.89676966 0.00419776 0.00561798
2 0.25594683 0.89992978 0.00303172 0.00491573
2 0.23157649 0.90291433 0.00233209 0.00316011
2 0.25303172 0.91221910 0.00466418 0.01404494
2 0.22936101 0.91783708 0.00256530 0.00561798
2 0.23600746 0.92696629 0.00186567 0.00421348
2 0.24941698 0.92731742 0.00349813 0.00491573
2 0.23227612 0.93398876 0.00466418 0.01474719
3 0.71093750 0.11446629 0.03381530 0.07092697
3 0.78882929 0.47331461 0.03241604 0.04634831
3 0.42327425 0.75983146 0.02285448 0.06179775
